/home/pophumanvar/phv_pipeline/selscan-linux-1.3.0/norm --nsl --files /home/pophumanvar/phv_pipeline/bedouin_edar_recoded_0124_163505/out.nsl.out 


Total loci: 329
bin	num	mean	variance
0.01	0	-nan	-nan
0.02	0	-nan	-nan
0.03	0	-nan	-nan
0.04	0	-nan	-nan
0.05	0	-nan	-nan
0.06	26	0.540653	0.0887208
0.07	16	0.491868	0.0699966
0.08	34	0.489582	0.0406248
0.09	7	0.336062	0.0250793
0.1	5	0.393016	0.116047
0.11	10	0.399928	0.0476576
0.12	7	0.29267	0.0241918
0.13	0	-nan	-nan
0.14	10	0.251323	0.0774742
0.15	10	0.310379	0.0305515
0.16	4	0.157792	0.0351325
0.17	14	0.263203	0.0243057
0.18	22	0.329765	0.0428525
0.19	10	0.140048	0.0147464
0.2	15	0.107082	0.021187
0.21	5	0.0927899	0.0502035
0.22	5	0.0697661	0.0521711
0.23	5	0.0974562	0.0332462
0.24	7	0.167259	0.00298028
0.25	0	-nan	-nan
0.26	0	-nan	-nan
0.27	2	0.248571	0.102771
0.28	4	0.288173	0.0779535
0.29	4	0.375618	0.0207197
0.3	0	-nan	-nan
0.31	3	0.130119	0.0126224
0.32	1	0.254078	-nan
0.33	3	0.211277	0.0290337
0.34	4	0.335863	0.0229091
0.35	2	0.473658	0.046246
0.36	3	0.26844	0.106842
0.37	1	0.129202	-nan
0.38	0	-nan	-nan
0.39	5	0.173715	0.0202289
0.4	3	0.225913	0.00333618
0.41	2	0.066289	0.240246
0.42	0	-nan	-nan
0.43	0	-nan	-nan
0.44	4	0.381321	0.00999981
0.45	5	0.134671	0.0176417
0.46	1	-0.29498	-nan
0.47	6	0.0904594	0.0560808
0.48	2	0.005863	0.0353269
0.49	0	-nan	-nan
0.5	0	-nan	-nan
0.51	0	-nan	-nan
0.52	1	0.143649	-nan
0.53	1	0.087126	-nan
0.54	1	0.466444	-nan
0.55	1	-0.0130251	-nan
0.56	1	0.0413962	-nan
0.57	0	-nan	-nan
0.58	0	-nan	-nan
0.59	0	-nan	-nan
0.6	1	0.181995	-nan
0.61	3	-0.146721	0.00717199
0.62	1	0.125581	-nan
0.63	0	-nan	-nan
0.64	1	0.181497	-nan
0.65	0	-nan	-nan
0.66	0	-nan	-nan
0.67	0	-nan	-nan
0.68	0	-nan	-nan
0.69	1	0.0477062	-nan
0.7	1	-0.0549202	-nan
0.71	1	-0.0804355	-nan
0.72	3	-0.0367458	0.0169369
0.73	1	-0.00509521	-nan
0.74	2	-0.229491	0.0206163
0.75	0	-nan	-nan
0.76	0	-nan	-nan
0.77	0	-nan	-nan
0.78	6	0.0920288	0.00664068
0.79	5	0.0864853	0.00681111
0.8	0	-nan	-nan
0.81	2	-0.0161023	0.00174535
0.82	1	-0.140496	-nan
0.83	0	-nan	-nan
0.84	1	-0.219106	-nan
0.85	0	-nan	-nan
0.86	2	-0.175251	0.0100496
0.87	1	-0.0127727	-nan
0.88	0	-nan	-nan
0.89	1	-0.0666885	-nan
0.9	1	-0.411171	-nan
0.91	2	-0.248148	0.0253109
0.92	3	-0.288262	0.0148408
0.93	6	-0.177495	0.0131788
0.94	2	-0.348697	0.0637766
0.95	9	-0.197509	0.180926
0.96	0	-nan	-nan
0.97	0	-nan	-nan
0.98	0	-nan	-nan
0.99	0	-nan	-nan
1	0	-nan	-nan
