2	P0	24.0139451906003	10950615
2	P1	24.014083256866	10951168
2	P2	24.014090247563	10951196
2	P3	24.014975070069	10954740
2	P4	24.0155061133733	10956867
2	P5	24.016993741693	10958092
2	P6	24.0171137468331	10958185
2	P7	24.0174006782119	10959384
2	P8	24.0176811277426	10960565
2	P9	24.0177495462256	10960921
2	P10	24.0180829902369	10962656
2	P11	24.0181014401649	10962752
2	P12	24.0182574830889	10963527
2	P13	24.0183453107902	10965641
2	P14	24.0183562961869	10965980
2	P15	24.0183666334776	10966299
2	P16	24.0183715266779	10966450
2	P17	24.0183839055025	10966832
2	P18	24.0183881505968	10966963
2	P19	24.0183898680777	10967016
2	P20	24.0184992078213	10969435
2	P21	24.0185676707443	10969662
2	P22	24.0185748253853	10969688
2	P23	24.0397253287252	10972383
2	P24	24.0400637244502	10972626
2	P25	24.0412042433752	10973445
2	P26	24.0441801761502	10975582
2	P27	24.0451229494252	10976259
2	P28	24.0454919818002	10976524
2	P29	24.0464447284012	10977338
2	P30	24.0464596052317	10977352
2	P31	24.0476582527177	10978480
2	P32	24.0476646285022	10978486
2	P33	24.0493915858438	10980454
2	P34	24.0495758264122	10980868
2	P35	24.0497070359492	10983280
2	P36	24.0497621788434	10984514
2	P37	24.0498183945659	10985116
2	P38	24.0498191982839	10985123
2	P39	24.0499870991437	10985928
2	P40	24.0499955527252	10985962
2	P41	24.0503652464399	10986902
2	P42	24.0527942338	10987714
2	P43	24.0550934619292	10989662
2	P44	24.0551997018295	10990100
2	P45	24.0552186212638	10990178
2	P46	24.0594916784088	10991390
2	P47	24.0739990804988	10992602
2	P48	24.0846958073138	10993588
2	P49	24.1002038115038	10993751
2	P50	24.1002989526338	10993752
2	P51	24.1124770172738	10993880
2	P52	24.1203529193715	10995655
2	P53	24.1203575307342	10995661
2	P54	24.1210884317221	10996612
2	P55	24.1213464774991	10997272
2	P56	24.1213621166371	10997312
2	P57	24.122058840235	10999094
2	P58	24.1221452464725	10999315
2	P59	24.1225874430995	11000446
2	P60	24.122685187712	11000696
2	P61	24.1267563308401	11002337
2	P62	24.1554335972641	11008443
2	P63	24.1560344323591	11008650
2	P64	24.1581010728791	11009362
2	P65	24.1624928549071	11012309
2	P66	24.1626195801226	11012426
2	P67	24.1654220597416	11014572
2	P68	24.3180803288633	11017252
2	P69	24.3244855436213	11019047
2	P70	24.3288365078898	11019966
2	P71	24.3305736194098	11020262
2	P72	24.3332555787498	11020719
2	P73	24.3362309690898	11021226
2	P74	24.3388190305098	11021667
2	P75	24.3397782311328	11021849
2	P76	24.3398983513418	11022041
2	P77	24.3421965159358	11023594
2	P78	24.3448151293948	11023803
2	P79	24.3471079823278	11023986
2	P80	24.3517688636998	11024358
2	P81	24.3724088333608	11025450
2	P82	24.3768917858283	11025635
2	P83	24.3779734982042	11028133
2	P84	24.3779842593891	11028264
2	P85	24.3780117784499	11028599
2	P86	24.3780342865772	11028873
2	P87	24.3780949106573	11029611
2	P88	24.3798159459947	11030692
2	P89	24.3802536208087	11030793
2	P90	24.3829662558609	11031993
2	P91	24.3835313263933	11034172
2	P92	24.3840873627263	11035634
2	P93	24.3844388398263	11037954
2	P94	24.3865579951223	11040932
2	P95	24.3877289125123	11041447
2	P96	24.3948559679628	11045074
2	P97	24.3948832038753	11045083
2	P98	24.3967140624378	11045688
2	P99	24.3994527847503	11046593
2	P100	24.4008800580888	11047615
2	P101	24.4038758713848	11049882
2	P102	24.4072305579	11054133
2	P103	24.4088135297405	11055451
2	P104	24.4090246002855	11055645
2	P105	24.4093096543205	11055907
2	P106	24.4096034122955	11056177
2	P107	24.4107413613192	11057424
2	P108	24.4109677289275	11057738
2	P109	24.4111782363849	11058030
2	P110	24.4112359096609	11058110
2	P111	24.4118986743943	11059730
2	P112	24.4119282081193	11060120
2	P113	24.4196719145799	11062982
2	P114	24.4237667447049	11063932
2	P115	24.4255598492649	11064348
2	P116	24.4261863650659	11065817
2	P117	24.4262635885003	11066069
2	P118	24.4263959715307	11066501
2	P119	24.4270308963518	11069054
2	P120	24.4276995666789	11072956
2	P121	24.433817175474	11073368
2	P122	24.442893699114	11074416
2	P123	24.444851041044	11074642
2	P124	24.4839739681539	11078304
2	P125	24.4847613480039	11078397
2	P126	24.4872843501039	11078695
2	P127	24.4923317130939	11079468
2	P128	24.498654989574	11080556
2	P129	24.502403623149	11081201
2	P130	24.504617405439	11081655
2	P131	24.504808870704	11081762
2	P132	24.50582392621	11083095
2	P133	24.50604806665	11083259
2	P134	24.5061486242785	11083308
2	P135	24.5065455360625	11083534
2	P136	24.5066685450765	11083972
2	P137	24.5066726740695	11083994
2	P138	24.5068837443112	11085044
2	P139	24.5068924868943	11085101
2	P140	24.5069702498698	11085608
2	P141	24.5073178502642	11085941
2	P142	24.5074319305862	11086010
2	P143	24.5112684789462	11086744
2	P144	24.5168492103637	11087840
2	P145	24.5230808092777	11090816
2	P146	24.5260598923617	11092540
2	P147	24.5262109337361	11092880
2	P148	24.5321433994203	11095922
2	P149	24.5329914631563	11096390
2	P150	24.5336528803863	11096755
2	P151	24.5337090555483	11096786
2	P152	24.5343541638603	11097142
2	P153	24.5348071893603	11097392
2	P154	24.5355069625603	11097777
2	P155	24.5390789509753	11099022
2	P156	24.5681346537646	11100784
2	P157	24.6892031617282	11106729
2	P158	24.6907939276654	11106913
2	P159	24.6920821022559	11107062
2	P160	24.693664222726	11107245
2	P161	24.713937502896	11110511
2	P162	24.714843611961	11110520
2	P163	24.715951078596	11110531
2	P164	24.8159986740472	11115258
2	P165	24.8160742132833	11115931
2	P166	24.830502529377	11126753
2	P167	24.8397934932894	11129844
2	P168	24.8632549603354	11134972
2	P169	24.8632796776394	11134988
2	P170	24.8633831813499	11135055
2	P171	24.8646951631989	11135890
2	P172	24.8685633377944	11142670
2	P173	24.8685663633244	11142676
2	P174	24.8686866917386	11143675
2	P175	24.8689118105178	11145421
2	P176	24.8691795478746	11147481
2	P177	24.8696460775279	11148043
2	P178	24.8764663714005	11149239
2	P179	24.8965459457227	11151452
2	P180	24.9003010049332	11153437
2	P181	24.9014000035425	11154072
2	P182	24.9128655133305	11158962
2	P183	24.913005979592	11160765
2	P184	24.9139513308941	11161092
2	P185	24.9232842212957	11162168
2	P186	24.928419994623	11162856
2	P187	24.9310038073792	11163329
2	P188	24.9389762262354	11165272
2	P189	24.9391044473126	11165500
2	P190	24.9400394704162	11167391
2	P191	24.9416676961003	11169962
2	P192	24.9416691876358	11169965
2	P193	24.9417064760233	11170040
2	P194	24.9427837576863	11174063
2	P195	24.9427909767763	11174103
2	P196	24.9427918791626	11174108
2	P197	24.943400400908	11176276
2	P198	24.9437568509789	11177830
2	P199	24.9441052642905	11179239
2	P200	24.9447809081348	11182136
2	P201	24.9459313850823	11183443
2	P202	24.9461438516588	11183616
2	P203	24.9481073417538	11185304
2	P204	24.9485328964568	11188174
2	P205	24.951814086535	11189902
2	P206	24.952235153776	11190388
2	P207	24.9535096186145	11191859
2	P208	24.954142952263	11192590
2	P209	24.956176695001	11194638
2	P210	24.9566388186665	11195051
2	P211	24.9576989203745	11197075
2	P212	24.9579416426953	11198440
2	P213	24.9590001363283	11202694
2	P214	24.9591270484778	11203164
2	P215	24.9593041854354	11203820
2	P216	24.9595280368651	11204649
2	P217	24.9595982164765	11205580
2	P218	24.9596041770472	11205727
2	P219	24.9598389262304	11208413
2	P220	24.9606364552964	11209311
2	P221	24.9606808611464	11209361
2	P222	24.9624789397314	11209950
2	P223	24.9632054061092	11210303
2	P224	24.9644797401486	11211196
2	P225	24.972583654159	11213936
2	P226	24.9728211749525	11213997
2	P227	24.973136571416	11214078
2	P228	24.974896561558	11214530
2	P229	24.981311115692	11216038
2	P230	24.982923972992	11216322
2	P231	24.983060726167	11216387
2	P232	24.985238257492	11217422
2	P233	24.9903822807669	11219867
2	P234	24.9922240236848	11220831
2	P235	24.99435591489	11222342
2	P236	25.0040311097248	11226507
2	P237	25.0047496342833	11227336
2	P238	25.0063305616593	11229160
2	P239	25.0064233024648	11229267
2	P240	25.0070118165483	11229946
2	P241	25.0073728450878	11230267
2	P242	25.0074481999543	11230334
2	P243	25.0100923684789	11232685
2	P244	25.0101508528529	11232737
2	P245	25.0105265024859	11233071
2	P246	25.0128937608944	11233606
2	P247	25.0219654345824	11234838
2	P248	25.0326128697713	11236284
2	P249	25.0395829930063	11237684
2	P250	25.0397284280563	11237784
2	P251	25.0400352960118	11237995
2	P252	25.0769798478577	11243432
2	P253	25.0770402206097	11243686
2	P254	25.0779113471297	11247351
2	P255	25.0779926364257	11247693
2	P256	25.0780211589857	11247813
2	P257	25.0829442313426	11252094
2	P258	25.0833477825076	11252664
2	P259	25.0845315325916	11254336
2	P260	25.0846568458481	11254513
2	P261	25.0847694153836	11254672
2	P262	25.0853719101931	11255523
2	P263	25.0862391912056	11256748
2	P264	25.0863588405861	11256917
2	P265	25.0865776077966	11257226
2	P266	25.0872985233766	11257771
2	P267	25.0895216230091	11258601
2	P268	25.0896501483131	11258652
2	P269	25.0896652689371	11258658
2	P270	25.0911899013467	11259093
2	P271	25.095899575382	11260635
2	P272	25.0969205079079	11262672
2	P273	25.0971257473889	11262865
2	P274	25.1215138909199	11264444
2	P275	25.145935265678	11265654
2	P276	25.1493433152075	11265815
2	P277	25.152870301505	11267082
2	P278	25.153503268785	11267962
2	P279	25.153506145909	11267966
2	P280	25.153655037076	11268173
2	P281	25.154627504988	11269525
2	P282	25.155561695637	11270690
2	P283	25.158271352198	11273757
2	P284	25.158294222934	11273813
2	P285	25.1588292367919	11277727
2	P286	25.1590646210186	11279449
2	P287	25.1601963275048	11283965
2	P288	25.1602664026248	11284200
2	P289	25.1608528270128	11285624
2	P290	25.1617824614998	11287947
2	P291	25.1617918782348	11287976
2	P292	25.1629961069274	11291944
2	P293	25.1634169966237	11293451
2	P294	25.1634543679005	11293587
2	P295	25.1635104248157	11293791
2	P296	25.1635249886221	11293844
2	P297	25.1642070144237	11296326
2	P298	25.1642328445709	11296420
2	P299	25.1778306802429	11297749
2	P300	25.1811457282171	11298073
2	P301	25.1897505286686	11298914
2	P302	25.1913875893966	11299074
2	P303	25.212898572154	11302770
2	P304	25.2130277327989	11302876
2	P305	25.2168440643067	11306008
2	P306	25.219207531422	11308176
2	P307	25.2201238488735	11309133
2	P308	25.2249637594205	11312689
2	P309	25.225865499726	11312912
2	P310	25.2353329605265	11315511
2	P311	25.2411712228379	11320616
2	P312	25.2414063433729	11323241
2	P313	25.2414869276449	11324575
2	P314	25.2414973782289	11324748
2	P315	25.2415348311889	11325368
2	P316	25.2415556115409	11325712
2	P317	25.2416053877329	11326536
2	P318	25.2416389521444	11327132
2	P319	25.2417603691711	11329383
2	P320	25.242409443979	11339345
2	P321	25.242448555779	11340045
2	P322	25.2424935238519	11341545
2	P323	25.2424940105247	11341563
2	P324	25.2425017972901	11341851
2	P325	25.2425315654455	11342952
2	P326	25.2425488693687	11343592
2	P327	25.242650773254	11347361
2	P328	25.2427003868463	11349196
2	P329	25.2427414836639	11350716
2	P330	25.2427875012846	11352418
2	P331	25.2427956124986	11352718
2	P332	25.2439113679848	11354044
2	P333	25.2439693224028	11354127
2	P334	25.2443233331248	11354634
2	P335	25.2454563888073	11357889
2	P336	25.2454636822653	11358155
2	P337	25.2455368361973	11360823
2	P338	25.2455641181172	11361818
2	P339	25.2455663664764	11361900
2	P340	25.2455669971138	11361923
2	P341	25.2455927435689	11362862
2	P342	25.2456563831027	11365183
2	P343	25.2457007196499	11366800
2	P344	25.2457434110563	11368357
2	P345	25.2458867278115	11370234
2	P346	25.2459207380766	11371482
2	P347	25.2459765497938	11373530
2	P348	25.2460157924073	11374970
2	P349	25.246124254631	11378950
2	P350	25.2461474186738	11379800
2	P351	25.2461672852469	11380529
2	P352	25.2461818104643	11381062
2	P353	25.2462046474853	11381900
2	P354	25.2463540277515	11384195
2	P355	25.2465383790636	11386417
2	P356	25.2466194216377	11389372
2	P357	25.2467373516102	11393672
2	P358	25.2467548217015	11394309
2	P359	25.2467558912989	11394348
2	P360	25.2467560284268	11394353
2	P361	25.2471366815166	11401907
2	P362	25.2471579565155	11402712
2	P363	25.2471702986577	11403179
2	P364	25.2472233143691	11405185
2	P365	25.2472249265119	11405246
2	P366	25.2472257457976	11405277
2	P367	25.247251962939	11406269
2	P368	25.2473034193648	11408216
2	P369	25.2473239279351	11408992
2	P370	25.2473381729344	11409531
2	P371	25.2473530522193	11410094
2	P372	25.2474001246251	11412376
2	P373	25.2474029794158	11412622
2	P374	25.2474043836014	11412743
2	P375	25.2474153849897	11413691
2	P376	25.2474480177998	11416503
2	P377	25.2474570463653	11417281
2	P378	25.2474609339867	11417616
2	P379	25.2474703919313	11418431
2	P380	25.2474740706656	11418748
2	P381	25.247498336386	11420839
2	P382	25.2475068079192	11421569
2	P383	25.2475328723899	11423815
2	P384	25.2475341721319	11423927
2	P385	25.2475342301561	11423932
2	P386	25.2475403691165	11424461
2	P387	25.2475453708025	11424892
2	P388	25.2475479006576	11425110
2	P389	25.2475788910753	11427992
2	P390	25.2475843415344	11428565
2	P391	25.2475930831956	11429484
2	P392	25.2476014253468	11430361
2	P393	25.2476126021172	11431536
2	P394	25.2476190037907	11432209
2	P395	25.2476297525146	11433339
2	P396	25.2476312554335	11433497
2	P397	25.2476315217736	11433525
2	P398	25.2476364300404	11434041
2	P399	25.2476767139745	11438276
2	P400	25.2476774844582	11438357
2	P401	25.247684618567	11439107
2	P402	25.2476847707613	11439123
2	P403	25.2477120706174	11441993
2	P404	25.247717682783	11442583
2	P405	25.2477416058277	11445098
2	P406	25.2477447353234	11445427
2	P407	25.24775500844	11446507
2	P408	25.2477551320978	11446520
2	P409	25.2477625609364	11446979
2	P410	25.2477998945099	11448232
2	P411	25.2478029336356	11448334
2	P412	25.247814285664	11448715
2	P413	25.2478376750137	11449500
2	P414	25.247885501146	11450872
2	P415	25.2478993441455	11451111
2	P416	25.2479169519775	11451415
2	P417	25.2479186895925	11451445
2	P418	25.247949908742	11451984
2	P419	25.2479547323691	11452506
2	P420	25.2479785548035	11455084
2	P421	25.2479855037836	11455836
2	P422	25.2479904660207	11456373
2	P423	25.2479953543325	11456902
2	P424	25.2480092984959	11458411
2	P425	25.2480129947619	11458811
2	P426	25.2480199067794	11459559
2	P427	25.2480212374351	11459703
2	P428	25.2480266155022	11460285
2	P429	25.2480450229068	11462277
2	P430	25.2480642250087	11464355
2	P431	25.2480802483218	11466089
2	P432	25.2480842772517	11466525
2	P433	25.2481166750232	11470031
2	P434	25.2481385753993	11472401
2	P435	25.2482360610757	11476045
2	P436	25.2482679415082	11478705
2	P437	25.2482901859002	11480561
2	P438	25.2483020032335	11481547
2	P439	25.2483245352685	11483427
2	P440	25.2483246071792	11483433
2	P441	25.248628073606	11490554
2	P442	25.2487557628565	11491121
2	P443	25.249740409778	11494682
2	P444	25.2499531909375	11495419
2	P445	25.2504034992505	11497057
2	P446	25.2507042546195	11498151
2	P447	25.251576733892	11499966
2	P448	25.25572759815	11503735
2	P449	25.2623373621855	11504933
2	P450	25.264609030673	11505884
2	P451	25.2655210301765	11507375
2	P452	25.266142506551	11508494
2	P453	25.267098207414	11509634
2	P454	25.267224309834	11509877
2	P455	25.267537230654	11510480
2	P456	25.267540863234	11510487
2	P457	25.267597946634	11510597
2	P458	25.269560930429	11512429
2	P459	25.271078714291	11513367
2	P460	25.298190208904	11518917
2	P461	25.315780183524	11522054
2	P462	25.317049788354	11522132
2	P463	25.325302219749	11522639
2	P464	25.325383604674	11522644
2	P465	25.333375604309	11523135
2	P466	25.342409330984	11523690
2	P467	25.367020132304	11525202
2	P468	25.381246217194	11526076
2	P469	25.387805842149	11526479
2	P470	25.389026616024	11526554
2	P471	25.3924035845499	11528505
2	P472	25.3926360800721	11529067
2	P473	25.3927850095881	11529427
2	P474	25.3927920423708	11529444
2	P475	25.3931130162	11529899
2	P476	25.3976508117866	11532411
2	P477	25.4021044284866	11533711
2	P478	25.4021832232436	11533734
2	P479	25.4024127557966	11533801
2	P480	25.4055611202176	11534720
2	P481	25.4309174683106	11537071
2	P482	25.4364398461406	11537452
2	P483	25.4557123135256	11538045
2	P484	25.4656572966956	11538351
2	P485	25.4774547767306	11538714
2	P486	25.5049172302557	11539559
2	P487	25.5270830807232	11540754
2	P488	25.5404449977311	11543986
2	P489	25.5670532112082	11548589
2	P490	25.5683867477502	11549071
2	P491	25.5824923529507	11554722
2	P492	25.5874134525918	11557541
2	P493	25.5874559363166	11557607
2	P494	25.587580169027	11557800
2	P495	25.5893271512862	11560514
2	P496	25.5898618191487	11561145
2	P497	25.5979424492732	11564727
2	P498	25.5979440376332	11564728
2	P499	25.5990220391132	11565357
2	P500	25.5998637476732	11566413
2	P501	25.6013574615382	11568287
2	P502	25.6017033910032	11568721
2	P503	25.6019608454207	11569044
2	P504	25.6020867828757	11569202
2	P505	25.6034856451132	11570957
2	P506	25.6041288826207	11571764
2	P507	25.6065661394262	11574149
2	P508	25.6066620103552	11574478
2	P509	25.6067744911412	11574864
2	P510	25.6067771137502	11574873
2	P511	25.6069027075812	11575304
2	P512	25.6069120324132	11575336
2	P513	25.6069566167662	11575489
2	P514	25.6072194604682	11576391
2	P515	25.6072625878162	11576539
2	P516	25.6072637534202	11576543
2	P517	25.6072966817332	11576656
2	P518	25.6077943946412	11578364
2	P519	25.6079671954342	11578957
2	P520	25.6080330630966	11579402
2	P521	25.6081661265503	11580774
2	P522	25.6082083756852	11582017
2	P523	25.608214119936	11582186
2	P524	25.6082329841918	11582741
2	P525	25.6082620793322	11583597
2	P526	25.6082702708378	11583838
2	P527	25.6082824731222	11584197
2	P528	25.6082876735386	11584350
2	P529	25.6082899508452	11584417
2	P530	25.6083049062912	11584857
2	P531	25.608344062368	11586009
2	P532	25.6083750269391	11586920
2	P533	25.6083965423876	11587553
2	P534	25.6084183637429	11588195
2	P535	25.6084235641593	11588348
2	P536	25.6084296822963	11588528
2	P537	25.6084305320376	11588553
2	P538	25.6087305848437	11594258
2	P539	25.6087593100219	11594774
2	P540	25.6087731346081	11595037
2	P541	25.6088723423843	11597072
2	P542	25.6088939389666	11597515
2	P543	25.6089130980113	11597908
2	P544	25.6089446397466	11598555
2	P545	25.6089929029891	11599545
2	P546	25.6090280035291	11600265
2	P547	25.6091569942841	11602426
2	P548	25.6093269628985	11604922
2	P549	25.6094922773534	11605698
2	P550	25.6097325267118	11606767
2	P551	25.609734324649	11606775
2	P552	25.610426530471	11609855
2	P553	25.6104388912892	11609910
2	P554	25.6105886848526	11610530
2	P555	25.6111958467603	11612537
2	P556	25.6113542455781	11612810
2	P557	25.611484004075	11613067
2	P558	25.6118304047205	11613977
2	P559	25.6124725782248	11615664
2	P560	25.6126016219818	11616003
2	P561	25.6128578061954	11616676
2	P562	25.6129803787315	11616998
2	P563	25.6132616430509	11617357
2	P564	25.613331574529	11617423
2	P565	25.6384357453822	11620031
2	P566	25.6399797682792	11620917
2	P567	25.6448070181942	11623687
2	P568	25.6448767257742	11623727
2	P569	25.6452723162907	11623954
2	P570	25.6511225249422	11627311
2	P571	25.6522064531752	11628475
2	P572	25.6527447365937	11629104
2	P573	25.6528448624442	11629221
2	P574	25.6528679684097	11629248
2	P575	25.6528885070457	11629272
2	P576	25.6529749404722	11629373
2	P577	25.6534618773007	11629942
2	P578	25.6538136014422	11630353
2	P579	25.6542141048442	11630821
2	P580	25.6551547215077	11631823
2	P581	25.6555870165077	11631978
2	P582	25.6573552425077	11632612
2	P583	25.6582923465077	11632948
2	P584	25.6697049345077	11637040
2	P585	25.6697133015077	11637043
2	P586	25.6720170155077	11637869
2	P587	25.6743569865077	11638708
2	P588	25.6743960325077	11638722
2	P589	25.6786253448277	11640935
2	P590	25.6807944137107	11643627
2	P591	25.6808115079957	11643657
2	P592	25.6808462663752	11643718
2	P593	25.6809100850392	11643830
2	P594	25.6809209114197	11643849
2	P595	25.6816987013872	11645214
2	P596	25.6819790476612	11645706
2	P597	25.6827158113447	11646999
2	P598	25.6828103997217	11647165
2	P599	25.6831072704712	11647686
2	P600	25.6838258002507	11648947
2	P601	25.6841676859507	11649547
2	P602	25.6842275159482	11649652
2	P603	25.6847876386867	11650635
2	P604	25.6851705506707	11651307
2	P605	25.6852930597132	11651522
2	P606	25.6854241158982	11651752
2	P607	25.6855437758932	11651962
2	P608	25.6858269712147	11652459
2	P609	25.6921013892417	11660000
2	P610	25.6927594537572	11660399
2	P611	25.6950354663671	11661779
2	P612	25.6966550637461	11662761
2	P613	25.7073394028409	11669548
2	P614	25.7089000282222	11671141
2	P615	25.7097307942758	11671989
2	P616	25.7100775999161	11672343
2	P617	25.7102829769867	11672494
2	P618	25.711599566419	11673462
2	P619	25.7129081964478	11674659
2	P620	25.7129118966089	11674662
2	P621	25.7129550651557	11674697
2	P622	25.716472778042	11678306
2	P623	25.7188708609178	11681732
2	P624	25.7193061329458	11682440
2	P625	25.7198496081898	11683324
2	P626	25.7200002230773	11683423
2	P627	25.7207228702648	11683898
2	P628	25.7243041575898	11686252
2	P629	25.7262119461648	11687506
2	P630	25.7271460627398	11688120
2	P631	25.7286473090798	11689091
2	P632	25.7288947790998	11689210
2	P633	25.7301856042328	11690354
2	P634	25.7302185277748	11690392
2	P635	25.7307366403568	11690990
2	P636	25.7309619066968	11691250
2	P637	25.7342336519108	11692664
2	P638	25.7352405242108	11692735
2	P639	25.7390836565108	11693006
2	P640	25.7533987570107	11694131
2	P641	25.7540567269167	11694782
2	P642	25.7548681748797	11695935
2	P643	25.7549244765597	11696015
2	P644	25.7549533311707	11696056
2	P645	25.7560421402792	11697283
2	P646	25.7564561525972	11697843
2	P647	25.7565042164762	11697945
2	P648	25.7566875189167	11698334
2	P649	25.7567011841372	11698363
2	P650	25.7574471166907	11699946
2	P651	25.7579833587917	11701084
2	P652	25.7580813714077	11701292
2	P653	25.7580940941992	11701319
2	P654	25.7580955078427	11701322
2	P655	25.7580992775587	11701330
2	P656	25.7590480085968	11706326
2	P657	25.7590834222125	11706730
2	P658	25.7591445370652	11707091
2	P659	25.7591793208402	11707471
2	P660	25.7622163959989	11712079
2	P661	25.7629205535905	11712615
2	P662	25.7652997129158	11714426
2	P663	25.7668104569716	11715677
2	P664	25.7668431818919	11715776
2	P665	25.7669185483749	11716004
2	P666	25.7669370594409	11716060
2	P667	25.7806916958347	11720299
2	P668	25.792952831782	11728854
2	P669	25.7976644402842	11736305
2	P670	25.802953354837	11738378
2	P671	25.8084948514162	11740550
2	P672	25.8085178134186	11740559
2	P673	25.8100435109114	11741157
2	P674	25.8106379716402	11741390
2	P675	25.8115028737306	11741729
2	P676	25.8134342332658	11742486
2	P677	25.8258627956788	11746447
2	P678	25.8259593684052	11746471
2	P679	25.8283414956564	11747063
2	P680	25.8345441349723	11748406
2	P681	25.8346450351388	11749041
2	P682	25.8348112423422	11750087
2	P683	25.8365904544404	11754843
2	P684	25.836968268902	11755256
2	P685	25.8373279296183	11755485
2	P686	25.8568515726911	11757009
2	P687	25.905207528391	11758491
2	P688	25.967750196241	11760576
2	P689	25.971580326391	11760807
2	P690	25.975045682241	11761016
2	P691	25.9850403395525	11761939
2	P692	26.064052430674	11768872
2	P693	26.064148085122	11769016
2	P694	26.064712224534	11769867
2	P695	26.0652454640101	11770685
2	P696	26.0666434364421	11774324
2	P697	26.0669087561081	11774946
2	P698	26.0678704769042	11775828
2	P699	26.0717475240886	11779005
2	P700	26.0733080060966	11780004
2	P701	26.0780851272267	11782310
2	P702	26.0831727539182	11784407
2	P703	26.0868894008482	11785784
2	P704	26.0881660704182	11786257
2	P705	26.0930314137677	11787410
2	P706	26.1380478124927	11790045
2	P707	26.2548438552312	11792687
2	P708	26.2548751529452	11792857
2	P709	26.2569580576492	11793393
2	P710	26.2587813898057	11794093
2	P711	26.2587820723807	11794095
2	P712	26.2590656209782	11794230
2	P713	26.2591608568982	11794243
2	P714	26.2602011261782	11794385
2	P715	26.2672119550582	11795342
2	P716	26.2673731235382	11795364
2	P717	26.2676295279382	11795399
2	P718	26.2751908971007	11797240
2	P719	26.2761495941457	11799510
2	P720	26.2787018730462	11803689
2	P721	26.2799765714582	11805745
2	P722	26.2803454652107	11806340
2	P723	26.2811060682964	11808299
2	P724	26.2815568985229	11808725
2	P725	26.2834381769299	11809161
2	P726	26.2837256112049	11809236
2	P727	26.2898996994319	11810847
2	P728	26.2916135473945	11811630
2	P729	26.291633902199	11811853
2	P730	26.291765980235	11813300
2	P731	26.2917665278979	11813306
2	P732	26.2919543762726	11815364
2	P733	26.3011168718565	11817109
2	P734	26.3202730907415	11819782
2	P735	26.3382283843015	11820910
2	P736	26.3596694265915	11821784
2	P737	26.4057709430465	11824869
2	P738	26.4087075195665	11825201
2	P739	26.4226655926665	11827277
2	P740	26.4234667166465	11828569
2	P741	26.4239708294915	11829382
2	P742	26.4244042549265	11830081
2	P743	26.4250212196015	11831076
2	P744	26.4287595216253	11834668
2	P745	26.4289729601443	11835025
2	P746	26.4292396088263	11835471
2	P747	26.4293454312853	11835648
2	P748	26.4294715812223	11835859
2	P749	26.4309604778827	11839076
2	P750	26.4311313539674	11839529
2	P751	26.4312138373381	11839877
2	P752	26.4312229609398	11839928
2	P753	26.4315121738597	11841461
2	P754	26.4315148195291	11841473
2	P755	26.4315833864611	11841784
2	P756	26.4342071952372	11845115
2	P757	26.4346746590482	11846149
2	P758	26.4347418585287	11846460
2	P759	26.4347803199677	11846638
2	P760	26.4347928523467	11846696
2	P761	26.4348349870692	11846891
2	P762	26.4349255227037	11847310
2	P763	26.4351766024347	11848472
2	P764	26.4352872330907	11848984
2	P765	26.4353166193587	11849120
2	P766	26.4354080192952	11849543
2	P767	26.4355629454287	11850260
2	P768	26.4360887044622	11851725
2	P769	26.4362538845762	11852171
2	P770	26.4362675878592	11852208
2	P771	26.4377949642447	11854851
2	P772	26.4378187964947	11854901
2	P773	26.4378307126197	11854926
2	P774	26.4382131578947	11855471
2	P775	26.4382321262887	11855506
2	P776	26.4382339794127	11855513
2	P777	26.440042365347	11856543
2	P778	26.4415952445718	11857278
2	P779	26.441862315748	11857783
2	P780	26.4419998049545	11858074
2	P781	26.442192100855	11858481
2	P782	26.442398098429	11858917
2	P783	26.443134209026	11860475
2	P784	26.4493152750265	11863597
2	P785	26.4603885302915	11866591
2	P786	26.4607420780835	11866903
2	P787	26.463696888551	11868784
2	P788	26.467288815156	11870509
2	P789	26.467703858339	11870688
2	P790	26.469236503836	11871349
2	P791	26.485856166284	11877314
2	P792	26.4907862866608	11879460
2	P793	26.4908346801708	11879754
2	P794	26.4908978325312	11880306
2	P795	26.4909346714081	11880628
2	P796	26.4911814759155	11882211
2	P797	26.4912569913346	11882654
2	P798	26.4915468592488	11883754
2	P799	26.5046960277048	11888841
2	P800	26.5051376425038	11889021
2	P801	26.5061854852312	11889529
2	P802	26.5073346562759	11890598
2	P803	26.5075303056025	11890780
2	P804	26.5082570031013	11891456
2	P805	26.509418388636	11892737
2	P806	26.5099486473145	11893516
2	P807	26.5108240165835	11894802
2	P808	26.511968258995	11896483
2	P809	26.513070969512	11899088
2	P810	26.514358593926	11904357
2	P811	26.5149185965484	11908153
2	P812	26.5167427837424	11915284
2	P813	26.5224231873204	11919993
2	P814	26.5241726227219	11920990
2	P815	26.5254131952684	11921697
2	P816	26.5324603300539	11922855
2	P817	26.5335184241019	11922987
2	P818	26.5346783571619	11923418
2	P819	26.5378992938315	11926516
2	P820	26.5381552217268	11930400
2	P821	26.5386163052214	11939156
2	P822	26.538749753113	11940146
2	P823	26.5397999704742	11940540
2	P824	26.5402879318942	11940712
2	P825	26.5405007057692	11940787
2	P826	26.5592616875742	11947400
2	P827	26.5593524710942	11947432
2	P828	26.5748245606242	11951450
2	P829	26.5789832321742	11952704
2	P830	26.5796763440992	11952913
2	P831	26.6041132893762	11962987
2	P832	26.6046468455522	11964129
2	P833	26.6062746592557	11967812
2	P834	26.6085953477507	11972094
2	P835	26.6093338662902	11972531
2	P836	26.6239421598737	11973604
2	P837	26.6417906900582	11974915
2	P838	26.6442276747287	11975094
2	P839	26.6533449789227	11976809
2	P840	26.6596163137327	11978499
2	P841	26.6599985311797	11978602
2	P842	26.6632863433937	11979488
2	P843	26.6634236448067	11979525
2	P844	26.6668339150377	11980444
2	P845	26.6730119263307	11982535
2	P846	26.6737002167962	11983676
2	P847	26.6749274972572	11984618
2	P848	26.6749353143302	11984624
2	P849	26.6761339321902	11985544
2	P850	26.6771462431437	11986321
2	P851	26.6771475459892	11986322
2	P852	26.6773599098057	11986485
2	P853	26.6775475195577	11986629
2	P854	26.6789954974354	11987497
2	P855	26.6797558684517	11987931
2	P856	26.6812030261924	11988757
2	P857	26.6827855478184	11989372
2	P858	26.6835727804024	11989664
2	P859	26.6864625066094	11990310
2	P860	26.6908455923794	11991192
2	P861	26.8038482293594	11993736
2	P862	26.9355051059794	11995652
2	P863	26.9391670898054	12000052
2	P864	26.9392426173279	12000347
2	P865	26.9457634722621	12005646
2	P866	26.9460084411726	12005719
2	P867	26.9483182316801	12006296
2	P868	26.9504695650897	12007353
2	P869	26.9519289933912	12009292
2	P870	26.9523138215712	12009494
2	P871	26.9527119853812	12009703
2	P872	26.9549654003112	12010884
2	P873	26.9556831730312	12011260
2	P874	26.9901306565252	12016543
2	P875	26.990509921798	12017371
2	P876	26.9907643408448	12017824
2	P877	26.9938088784765	12022620
2	P878	26.9942376911194	12023267
2	P879	26.994998551883	12024415
2	P880	26.9971308723103	12026983
2	P881	26.9979854955603	12027983
2	P882	26.9980265174763	12028031
2	P883	27.0012644724673	12030577
2	P884	27.0024196344325	12031143
2	P885	27.0027543456733	12031307
2	P886	27.0089339969786	12034108
2	P887	27.0090249095016	12034155
2	P888	27.0093479391046	12034322
2	P889	27.0105239989766	12034930
2	P890	27.0117058617756	12035541
2	P891	27.0137331937446	12036222
2	P892	27.0180347217476	12037968
2	P893	27.0203491052284	12039678
2	P894	27.02035733149	12039684
2	P895	27.020371041926	12039694
2	P896	27.0212375414812	12040326
2	P897	27.0217950833668	12040774
2	P898	27.0222856707588	12041237
2	P899	27.0224149400068	12041359
2	P900	27.0224181187588	12041362
2	P901	27.0226077842948	12041541
2	P902	27.0226755976708	12041605
2	P903	27.0228133435908	12041735
2	P904	27.0234586302468	12042344
2	P905	27.0234734644228	12042358
2	P906	27.0238040546308	12042670
2	P907	27.0241028573188	12042952
2	P908	27.0244567583748	12043286
2	P909	27.0245160950788	12043342
2	P910	27.0248413873668	12043649
2	P911	27.0248731748868	12043679
2	P912	27.0250257549828	12043823
2	P913	27.0250533041668	12043849
2	P914	27.0256117049348	12044376
2	P915	27.0256170028548	12044381
2	P916	27.0258564688388	12044607
2	P917	27.0279564249218	12045552
2	P918	27.0279972953018	12045576
2	P919	27.0292608712168	12046318
2	P920	27.0293664530318	12046380
2	P921	27.0293749676943	12046385
2	P922	27.0299726970018	12046736
2	P923	27.0300799817493	12046799
2	P924	27.0310353268818	12047360
2	P925	27.0332994757318	12048595
2	P926	27.0337016590718	12048789
2	P927	27.0340407067543	12049045
2	P928	27.0340740272728	12049096
2	P929	27.0342556567658	12049374
2	P930	27.0342719903533	12049399
2	P931	27.0346979703153	12050051
2	P932	27.0355466635218	12051350
2	P933	27.0360020439413	12052047
2	P934	27.0363143421343	12052525
2	P935	27.0364201837813	12052687
2	P936	27.0365129585583	12052829
2	P937	27.0369186848718	12053450
2	P938	27.0375282543573	12054383
2	P939	27.0491082120607	12055621
2	P940	27.0511822523137	12057016
2	P941	27.0514167218857	12057999
2	P942	27.0514498450313	12058163
2	P943	27.0515037711281	12058430
2	P944	27.0515659780113	12058738
2	P945	27.0521345246873	12061553
2	P946	27.0521599729577	12061679
2	P947	27.0521967315705	12061861
2	P948	27.0524188990105	12062961
2	P949	27.0524457610737	12063094
2	P950	27.0525049384009	12063387
2	P951	27.0525122093353	12063423
2	P952	27.0530046131705	12065861
2	P953	27.0533554357553	12067598
2	P954	27.0541678171315	12069168
2	P955	27.0552918763765	12069875
2	P956	27.056868783757	12070782
2	P957	27.059262259305	12072926
2	P958	27.062631333081	12075365
2	P959	27.063895106146	12075894
2	P960	27.063933329906	12075910
2	P961	27.063995443516	12075936
2	P962	27.064332290401	12076077
2	P963	27.065381054816	12076516
2	P964	27.070111245116	12078496
2	P965	27.0730667649057	12080289
2	P966	27.0747453796625	12082596
2	P967	27.0748357898335	12083017
2	P968	27.0749345752935	12083477
2	P969	27.074941439306	12083514
2	P970	27.0750501504221	12084100
2	P971	27.0751340026823	12084552
2	P972	27.0761505960984	12091395
2	P973	27.076451196859	12093297
2	P974	27.0765757986433	12094418
2	P975	27.0766815045282	12095369
2	P976	27.0767204078507	12095719
2	P977	27.0770999382771	12098671
2	P978	27.0784371826378	12100503
2	P979	27.0805477220088	12102303
2	P980	27.0811772331529	12102830
2	P981	27.0822678856977	12103883
2	P982	27.0829352542652	12104314
2	P983	27.0840561581592	12105702
2	P984	27.0841072832752	12105772
2	P985	27.0843424588088	12106094
2	P986	27.0844191464828	12106199
2	P987	27.0853905236868	12107529
2	P988	27.0857374441168	12108004
2	P989	27.0872440155723	12109723
2	P990	27.0873269949183	12110483
2	P991	27.0875130652409	12112296
2	P992	27.0875577493001	12113352
2	P993	27.0876689279035	12116849
2	P994	27.0876854518108	12117428
2	P995	27.0876906173155	12117609
2	P996	27.0877190214595	12118529
2	P997	27.0877210801519	12118565
2	P998	27.0877789522827	12119577
2	P999	27.0878894541171	12121596
2	P1000	27.0879022764544	12121891
2	P1001	27.087929355492	12122514
2	P1002	27.0879465678498	12122910
2	P1003	27.0879758636305	12123584
2	P1004	27.1253957505219	12129743
2	P1005	27.1277925933879	12131309
2	P1006	27.1280517058154	12132304
2	P1007	27.1285735110244	12134259
2	P1008	27.1286656443144	12134810
2	P1009	27.1286748368684	12134872
2	P1010	27.1289062816554	12136433
2	P1011	27.1290996218234	12137737
2	P1012	27.1293891444804	12139070
2	P1013	27.1295695205976	12142257
2	P1014	27.1295745489984	12142379
2	P1015	27.1296356193086	12143324
2	P1016	27.1296464688044	12143402
2	P1017	27.1296755295305	12143698
2	P1018	27.1297149265335	12144407
2	P1019	27.1298931010444	12146554
2	P1020	27.1317469421031	12148012
2	P1021	27.1317881734114	12148038
2	P1022	27.1341789015785	12148701
2	P1023	27.1357871679305	12149069
2	P1024	27.1399039801685	12150011
2	P1025	27.1414598030525	12150367
2	P1026	27.1459023752755	12153444
2	P1027	27.1460381471795	12153700
2	P1028	27.1466920798265	12154933
2	P1029	27.1472844908295	12156050
2	P1030	27.1474865576085	12156431
2	P1031	27.1475189095075	12156492
2	P1032	27.1480556328155	12157504
2	P1033	27.1484014268835	12158156
2	P1034	27.1484719646305	12158289
2	P1035	27.1490654363515	12159408
2	P1036	27.1491943135885	12159651
2	P1037	27.1502078296375	12161562
2	P1038	27.1506516463985	12163225
2	P1039	27.1506743609501	12163521
2	P1040	27.1506827254302	12163630
2	P1041	27.1514200366681	12167384
2	P1042	27.1516603341334	12167822
2	P1043	27.1521103407895	12169876
2	P1044	27.1522637831935	12170764
2	P1045	27.1526438398408	12172554
2	P1046	27.1528517816395	12174376
2	P1047	27.1528616307672	12174761
2	P1048	27.1529268386876	12177316
2	P1049	27.1529481184716	12178236
2	P1050	27.1529493906326	12178291
2	P1051	27.1529623435446	12178851
2	P1052	27.1530406370386	12181388
2	P1053	27.1530480552401	12181503
2	P1054	27.153087877293	12182171
2	P1055	27.1531140312443	12182646
2	P1056	27.153137432148	12183071
2	P1057	27.1533095995424	12184884
2	P1058	27.159262418407	12185926
2	P1059	27.1637486428031	12186655
2	P1060	27.1724637927199	12191232
2	P1061	27.1730546907134	12192295
2	P1062	27.1731032606689	12192702
2	P1063	27.1731464604819	12193064
2	P1064	27.1731465798184	12193065
2	P1065	27.1731582653176	12193161
2	P1066	27.1731608215206	12193182
2	P1067	27.1731876109435	12193426
2	P1068	27.1731900371155	12193454
2	P1069	27.1733082943104	12195136
2	P1070	27.1733350240224	12195376
2	P1071	27.1735392793314	12196170
2	P1072	27.1736931139344	12196768
2	P1073	27.1768790126634	12199029
2	P1074	27.1770088283384	12199084
2	P1075	27.1773251065284	12199218
2	P1076	27.1780256806524	12200556
2	P1077	27.1787963097324	12201248
2	P1078	27.1801430917324	12202248
2	P1079	27.1830292455584	12204391
2	P1080	27.1854319046464	12206175
2	P1081	27.1859773513564	12206580
2	P1082	27.1868770017324	12207248
2	P1083	27.1885618675044	12207524
2	P1084	27.1905664288944	12207719
2	P1085	27.1908131441424	12207743
2	P1086	27.1965287418414	12208697
2	P1087	27.1970312594479	12209040
2	P1088	27.1972987367139	12209243
2	P1089	27.1999735093739	12211273
2	P1090	27.2021461039134	12213292
2	P1091	27.2027149976949	12214095
2	P1092	27.2027242076814	12214108
2	P1093	27.2028375741987	12215603
2	P1094	27.2030502102569	12217703
2	P1095	27.2030963567654	12218213
2	P1096	27.2086720017776	12220043
2	P1097	27.2088270575696	12220829
2	P1098	27.2088594101776	12220993
2	P1099	27.2090740755512	12221979
2	P1100	27.2090765525014	12222016
2	P1101	27.2090941589312	12222279
2	P1102	27.2091110289704	12222531
2	P1103	27.209201136402	12223877
2	P1104	27.2092263745162	12224254
2	P1105	27.2092313953612	12224329
2	P1106	27.2092579054228	12224725
2	P1107	27.209393602127	12226752
2	P1108	27.2094229908064	12227191
2	P1109	27.2094476933638	12227560
2	P1110	27.209463559234	12227797
2	P1111	27.2094711239738	12227910
2	P1112	27.2094750737052	12227969
2	P1113	27.2094790903812	12228029
2	P1114	27.2100567035742	12231009
2	P1115	27.2108554245126	12231345
2	P1116	27.2137816908078	12232576
2	P1117	27.2212412113165	12235743
2	P1118	27.2221012775059	12242054
2	P1119	27.2221016045209	12242056
2	P1120	27.2221164999078	12242198
2	P1121	27.2222497373406	12243809
2	P1122	27.2229855630824	12245434
2	P1123	27.2243681787299	12247707
2	P1124	27.2248451339639	12248484
2	P1125	27.2248892070314	12248589
2	P1126	27.2689798424104	12253465
2	P1127	27.2786890099645	12263852
2	P1128	27.2786909518165	12263900
2	P1129	27.278743948194	12265210
2	P1130	27.2787903646689	12266357
2	P1131	27.278844822446	12267700
2	P1132	27.2788810735649	12268594
2	P1133	27.2789175154239	12269159
2	P1134	27.2790680728037	12271630
2	P1135	27.2801858187876	12273259
2	P1136	27.2822722070077	12273863
2	P1137	27.2823375652227	12274861
2	P1138	27.2824734008911	12278234
2	P1139	27.2828675449375	12280509
2	P1140	27.2844712017303	12282667
2	P1141	27.2866337489368	12283500
2	P1142	27.2866593562213	12283511
2	P1143	27.2875928581362	12283912
2	P1144	27.2897936645591	12285268
2	P1145	27.2947636467032	12286019
2	P1146	27.2989064014598	12286645
2	P1147	27.3050146484891	12287568
2	P1148	27.3083698827728	12288075
2	P1149	27.3106879284295	12289332
2	P1150	27.31301119988	12291019
2	P1151	27.3138884517555	12291656
2	P1152	27.330615827531	12294107
2	P1153	27.341990511428	12295416
2	P1154	27.3425677983201	12296638
2	P1155	27.3425678990509	12296639
2	P1156	27.3427063031701	12298013
2	P1157	27.3427341048709	12298289
2	P1158	27.3427946440817	12298890
2	P1159	27.3428519599069	12299459
2	P1160	27.3432349384085	12303261
2	P1161	27.3432413851797	12303325
2	P1162	27.3432421910261	12303333
2	P1163	27.3432679781109	12303589
2	P1164	27.3433333524001	12304238
2	P1165	27.3436857372483	12304969
2	P1166	27.3437112325383	12305023
2	P1167	27.3438051874033	12305222
2	P1168	27.3438154415352	12305319
2	P1169	27.3438221014353	12305382
2	P1170	27.3439674563978	12306757
2	P1171	27.3440353239512	12307399
2	P1172	27.3440553036515	12307588
2	P1173	27.3440989629966	12308001
2	P1174	27.3443046799108	12309947
2	P1175	27.3443509820734	12310385
2	P1176	27.3446227084803	12311278
2	P1177	27.3446475693168	12311389
2	P1178	27.3446480172598	12311391
2	P1179	27.3446775814978	12311523
2	P1180	27.3447980781648	12312061
2	P1181	27.3448820674773	12312436
2	P1182	27.3449447794973	12312716
2	P1183	27.3449998764863	12312962
2	P1184	27.3450836418273	12313336
2	P1185	27.3450955123168	12313389
2	P1186	27.3477588626403	12314488
2	P1187	27.3506307551473	12315591
2	P1188	27.3514560610655	12317469
2	P1189	27.3514831921768	12317738
2	P1190	27.3516084592411	12318980
2	P1191	27.3517239429679	12320125
2	P1192	27.3517470397132	12320354
2	P1193	27.3517519818116	12320403
2	P1194	27.3519073532978	12321039
2	P1195	27.3519170867978	12321069
2	P1196	27.351926803433	12321208
2	P1197	27.3519336540103	12321306
2	P1198	27.3520779038817	12322198
2	P1199	27.3524322398589	12322576
2	P1200	27.3530493742664	12323369
2	P1201	27.3532094028104	12323753
2	P1202	27.3541800412129	12326421
2	P1203	27.3542188779615	12327199
2	P1204	27.354260327167	12328037
2	P1205	27.3542790049879	12328463
2	P1206	27.3543118884754	12329213
2	P1207	27.3543500771655	12330084
2	P1208	27.3544276907842	12331260
2	P1209	27.3544701639925	12332125
2	P1210	27.3544872574815	12332670
2	P1211	27.3545019672913	12333139
2	P1212	27.3545174298419	12333632
2	P1213	27.3545187785025	12333675
2	P1214	27.3545254904413	12333889
2	P1215	27.3545350251581	12334193
2	P1216	27.3545433053069	12334457
2	P1217	27.3545561959931	12334868
2	P1218	27.3546730953499	12336415
2	P1219	27.3546737576521	12336432
2	P1220	27.3547001718202	12337110
2	P1221	27.3547413903893	12338168
2	P1222	27.3547591556705	12338624
2	P1223	27.3547667137068	12338818
2	P1224	27.3548335213327	12340177
2	P1225	27.3548360293144	12340226
2	P1226	27.3549243346768	12341617
2	P1227	27.3549886116618	12342290
2	P1228	27.3550328743068	12342614
2	P1229	27.3550603309556	12342726
2	P1230	27.3571240477271	12344137
2	P1231	27.3577689862871	12344697
2	P1232	27.3600927845351	12346638
2	P1233	27.3616724151431	12347712
2	P1234	27.3619739275031	12347917
2	P1235	27.3626607873671	12348384
2	P1236	27.3628022076668	12348630
2	P1237	27.3629970562467	12349475
2	P1238	27.3630007160583	12349591
2	P1239	27.3630267133407	12350415
2	P1240	27.3630399643827	12350835
2	P1241	27.3630418889388	12350896
2	P1242	27.3631054623903	12352911
2	P1243	27.3631407669522	12354030
2	P1244	27.3631410824532	12354040
2	P1245	27.3631637038749	12354757
2	P1246	27.3633151204658	12355335
2	P1247	27.3639822696758	12359085
2	P1248	27.3640359607412	12359488
2	P1249	27.3641056392205	12360011
2	P1250	27.3641067050481	12360019
2	P1251	27.3641398789322	12360268
2	P1252	27.3643537105944	12361873
2	P1253	27.3645990779769	12362506
2	P1254	27.3646388305359	12362776
2	P1255	27.3647332060556	12363417
2	P1256	27.3647494015426	12363527
2	P1257	27.3647720752244	12363681
2	P1258	27.3648882410357	12364470
2	P1259	27.364893983072	12364509
2	P1260	27.3648948664622	12364515
2	P1261	27.3649553786909	12364926
2	P1262	27.3649642125929	12364986
2	P1263	27.3650051430055	12365264
2	P1264	27.3652546723055	12366324
2	P1265	27.3653137589605	12366575
2	P1266	27.365918165335	12369214
2	P1267	27.365928529555	12369286
2	P1268	27.3659899951375	12369713
2	P1269	27.3850764785128	12373828
2	P1270	27.3853032968824	12374956
2	P1271	27.3854929432782	12377665
2	P1272	27.3855243146595	12378300
2	P1273	27.3855438785445	12378696
2	P1274	27.385550103417	12378822
2	P1275	27.3857658583262	12381410
2	P1276	27.3857923570907	12382164
2	P1277	27.3858120378707	12382724
2	P1278	27.3858362874032	12383414
2	P1279	27.3858707287682	12384394
2	P1280	27.3858730834329	12384461
2	P1281	27.3858745243472	12384502
2	P1282	27.3858761058384	12384547
2	P1283	27.3858806745909	12384677
2	P1284	27.3858848216124	12384795
2	P1285	27.3858855244974	12384815
2	P1286	27.3859347615917	12386216
2	P1287	27.3859390140459	12386337
2	P1288	27.3859714521887	12387260
2	P1289	27.3859721902179	12387281
2	P1290	27.3859730336799	12387305
2	P1291	27.3869277050699	12388519
2	P1292	27.3875214257449	12389274
2	P1293	27.3903972356899	12392931
2	P1294	27.3911419422849	12393878
2	P1295	27.3915618718749	12394412
2	P1296	27.3943835719929	12396722
2	P1297	27.3950932280199	12397133
2	P1298	27.3956859795839	12397573
2	P1299	27.3967851254729	12399782
2	P1300	27.3967988966579	12399812
2	P1301	27.3968911635974	12400013
2	P1302	27.3970767674884	12400569
2	P1303	27.4400824712299	12404849
2	P1304	27.4408701623539	12406345
2	P1305	27.4414656979854	12407669
2	P1306	27.4415500729334	12407853
2	P1307	27.4416969999689	12408146
2	P1308	27.4417366091539	12408157
2	P1309	27.4444516387439	12408911
2	P1310	27.4463607171139	12409411
2	P1311	27.4489481810839	12410454
2	P1312	27.4499032852339	12410839
2	P1313	27.4504568208319	12411563
2	P1314	27.4504631503375	12411656
2	P1315	27.4504638309295	12411666
2	P1316	27.4504845209263	12411970
2	P1317	27.4560081286996	12416029
2	P1318	27.4560287504465	12416256
2	P1319	27.4560745361753	12416760
2	P1320	27.4560834389559	12416858
2	P1321	27.4561075128014	12417123
2	P1322	27.4564031738463	12418532
2	P1323	27.4906080604563	12419924
2	P1324	27.4927863679563	12419999
2	P1325	27.5220882536144	12421855
2	P1326	27.5221247872401	12422667
2	P1327	27.5221273068005	12422723
2	P1328	27.5221984843818	12424305
2	P1329	27.52221832592	12424746
2	P1330	27.5222601686195	12425676
2	P1331	27.5223241924489	12427099
2	P1332	27.52233530551	12427346
2	P1333	27.5264108817934	12429502
2	P1334	27.5286287153134	12430342
2	P1335	27.5313561224874	12431375
2	P1336	27.5315425886823	12431557
2	P1337	27.5316596413731	12432642
2	P1338	27.5316940241603	12433069
2	P1339	27.5317269575561	12433478
2	P1340	27.5317280043388	12433491
2	P1341	27.5317290824542	12433534
2	P1342	27.5317470343284	12434250
2	P1343	27.531749742153	12434358
2	P1344	27.5317727335896	12435275
2	P1345	27.5317773719929	12435460
2	P1346	27.5317984579233	12436301
2	P1347	27.5318047009634	12436550
2	P1348	27.5318688362905	12439108
2	P1349	27.5318732490417	12439284
2	P1350	27.5319355290075	12441768
2	P1351	27.5319460845089	12442189
2	P1352	27.5319661739921	12442537
2	P1353	27.5320959070676	12444627
2	P1354	27.5321090951321	12444776
2	P1355	27.5323656932676	12445863
2	P1356	27.5329934210826	12447033
2	P1357	27.5335454996481	12448062
2	P1358	27.5336093454686	12448181
2	P1359	27.5341689353071	12449224
2	P1360	27.5346480472206	12450117
2	P1361	27.5347006261316	12450215
2	P1362	27.5348025648366	12450405
2	P1363	27.5348390481626	12450473
2	P1364	27.5349645937256	12450707
2	P1365	27.5354131240276	12451543
2	P1366	27.5354361943661	12451586
2	P1367	27.5359077950066	12452465
2	P1368	27.5361835660296	12452979
2	P1369	27.5362322321163	12453076
2	P1370	27.5362356665583	12453106
2	P1371	27.5362519229171	12453248
2	P1372	27.5362579904313	12453301
2	P1373	27.5362687516829	12453395
2	P1374	27.5362842066719	12453530
2	P1375	27.5363740745709	12454315
2	P1376	27.5363751049035	12454324
2	P1377	27.5365266782771	12455648
2	P1378	27.5365864375679	12456170
2	P1379	27.5365880403075	12456184
2	P1380	27.5366681772875	12456884
2	P1381	27.5366915314931	12457088
2	P1382	27.5367225559525	12457359
2	P1383	27.5367712105475	12457784
2	P1384	27.5368852340219	12458780
2	P1385	27.5390006539199	12459652
2	P1386	27.5428991399016	12461259
2	P1387	27.5440077945959	12461716
2	P1388	27.5497043187798	12465337
2	P1389	27.550870465052	12466940
2	P1390	27.5520664378976	12468584
2	P1391	27.5521618328176	12468784
2	P1392	27.5525734618974	12469647
2	P1393	27.5531768347664	12470912
2	P1394	27.553427085959	12471634
2	P1395	27.5534607069641	12471731
2	P1396	27.5538381634028	12472820
2	P1397	27.5544509668772	12474588
2	P1398	27.5546468005667	12475153
2	P1399	27.5548802058073	12475387
2	P1400	27.554922095751	12475512
2	P1401	27.555351048775	12476792
2	P1402	27.5555477639509	12477379
2	P1403	27.5560970248933	12479018
2	P1404	27.5565467553294	12480360
2	P1405	27.5565822346785	12480399
2	P1406	27.5567696384199	12480605
2	P1407	27.5567823745965	12480619
2	P1408	27.5567978399538	12480636
2	P1409	27.5568176608806	12480689
2	P1410	27.5568457093618	12480764
2	P1411	27.5569915614643	12481154
2	P1412	27.5569971711606	12481169
2	P1413	27.5570027808568	12481184
2	P1414	27.5570349431153	12481270
2	P1415	27.5571740635823	12481642
2	P1416	27.5579893947345	12484799
2	P1417	27.5579947121169	12484847
2	P1418	27.5579959306837	12484858
2	P1419	27.5581625824999	12485992
2	P1420	27.5585658343369	12487575
2	P1421	27.5586458223829	12487889
2	P1422	27.5587148566519	12488160
2	P1423	27.5599364905489	12491369
2	P1424	27.5600058522889	12491537
2	P1425	27.5603749558339	12492431
2	P1426	27.5606305208164	12493050
2	P1427	27.5611418293739	12494419
2	P1428	27.5612769776564	12494818
2	P1429	27.5614774984164	12495410
2	P1430	27.5615564195939	12495643
2	P1431	27.5617830216014	12496312
2	P1432	27.5620038654114	12496964
2	P1433	27.5620790606964	12497186
2	P1434	27.5622880493939	12497803
2	P1435	27.5625922177089	12498701
2	P1436	27.5625935725789	12498705
2	P1437	27.5629224672714	12499676
2	P1438	27.5629397753079	12499732
2	P1439	27.5629617119499	12499823
2	P1440	27.5633098054779	12501267
2	P1441	27.5633428309719	12501404
2	P1442	27.5635800359799	12502388
2	P1443	27.5636899602519	12502844
2	P1444	27.5637068345919	12502914
2	P1445	27.5637733677039	12503190
2	P1446	27.5638174820499	12503373
2	P1447	27.5638816045419	12503639
2	P1448	27.5640640799691	12504994
2	P1449	27.5640953554551	12505354
2	P1450	27.5641689397236	12506201
2	P1451	27.5642049934088	12506616
2	P1452	27.5642766663976	12507441
2	P1453	27.5643076812545	12507798
2	P1454	27.5643978589058	12508836
2	P1455	27.5643985539166	12508844
2	P1456	27.5644138441542	12509020
2	P1457	27.5646223314775	12509991
2	P1458	27.5646577196355	12510536
2	P1459	27.5646744721947	12510794
2	P1460	27.5647281712895	12511621
2	P1461	27.5647499885759	12511957
2	P1462	27.5647539494523	12512018
2	P1463	27.5647911557175	12512591
2	P1464	27.5647987528083	12512708
2	P1465	27.5648199207707	12513034
2	P1466	27.5648416081923	12513368
2	P1467	27.5649093976179	12514412
2	P1468	27.5649474480043	12514998
2	P1469	27.5649635512395	12515246
2	P1470	27.5653634163124	12516351
2	P1471	27.5668988884044	12518045
2	P1472	27.5669596184104	12518112
2	P1473	27.5672968059064	12518484
2	P1474	27.5673013379964	12518489
2	P1475	27.5683908524324	12519691
2	P1476	27.5684098872104	12519712
2	P1477	27.5685304408044	12519845
2	P1478	27.5688349972524	12520181
2	P1479	27.5688975400944	12520250
2	P1480	27.5689936204024	12520356
2	P1481	27.5732870775789	12521405
2	P1482	27.5744097124664	12521566
2	P1483	27.5769478435164	12521930
2	P1484	27.5811803862289	12522537
2	P1485	27.5863891331914	12523284
2	P1486	27.5873095543414	12523416
2	P1487	27.5898458685687	12525413
2	P1488	27.5902915206354	12527254
2	P1489	27.590446687922	12527895
2	P1490	27.5909247774558	12529870
2	P1491	27.5909591514881	12530012
2	P1492	27.5912387430888	12531167
2	P1493	27.5914044338451	12531841
2	P1494	27.5914098460035	12531863
2	P1495	27.5915746708275	12532533
2	P1496	27.5924302838691	12536011
2	P1497	27.5930822029491	12538661
2	P1498	27.5931198420507	12538814
2	P1499	27.5986303068735	12540647
2	P1500	27.6015571607555	12545396
2	P1501	27.6019366324235	12546230
2	P1502	27.6019484624755	12546256
2	P1503	27.6026478005495	12547793
2	P1504	27.605725582101	12553449
2	P1505	27.606649617587	12555839
2	P1506	27.6084829094278	12561059
2	P1507	27.6086363275807	12561538
2	P1508	27.6086597640371	12562237
2	P1509	27.6086654974192	12562408
2	P1510	27.6086679114748	12562480
2	P1511	27.608676461255	12562735
2	P1512	27.6086804511525	12562854
2	P1513	27.6087286652074	12564292
2	P1514	27.6087341647698	12564429
2	P1515	27.6088367216284	12566307
2	P1516	27.6088558500456	12566495
2	P1517	27.6089139779564	12567444
2	P1518	27.6089618923989	12568122
2	P1519	27.6089805674221	12568317
2	P1520	27.6090366882612	12568903
2	P1521	27.6102967453467	12569205
2	P1522	27.6127928173317	12569612
2	P1523	27.6279777663117	12572088
2	P1524	27.6406590682443	12577506
2	P1525	27.6412095677829	12578424
2	P1526	27.6412209615642	12578443
2	P1527	27.6413648830122	12578683
2	P1528	27.6429817859519	12582267
2	P1529	27.6430150129586	12583822
2	P1530	27.6430352055769	12584767
2	P1531	27.6430504194861	12585479
2	P1532	27.6430698523759	12586240
2	P1533	27.6430756105349	12586449
2	P1534	27.6430908462379	12587002
2	P1535	27.654482147163	12593645
2	P1536	27.658293195068	12594312
2	P1537	27.670479274026	12598177
2	P1538	27.671133326306	12598497
2	P1539	27.6721993144935	12599072
2	P1540	27.6722289767735	12599088
2	P1541	27.675797719836	12601013
2	P1542	27.6760887809585	12601170
2	P1543	27.677638129171	12601999
2	P1544	27.699429540991	12603700
2	P1545	27.703585181446	12604003
2	P1546	27.714255439776	12604781
2	P1547	27.715791518096	12604893
2	P1548	27.722566720686	12605387
2	P1549	27.724486818586	12605527
2	P1550	27.725049132971	12605568
2	P1551	27.731179731266	12606015
2	P1552	27.731506377299	12606381
2	P1553	27.73227569118	12607243
2	P1554	27.733241349671	12608325
2	P1555	27.734825988308	12610259
2	P1556	27.7418574749945	12611357
2	P1557	27.754113606292	12611824
2	P1558	27.770227663287	12612438
2	P1559	27.7906896823128	12613280
2	P1560	27.7908898923902	12613572
2	P1561	27.7910386786464	12613789
2	P1562	27.7912642578089	12614118
2	P1563	27.791962250476	12615136
2	P1564	27.7929331322212	12616552
2	P1565	27.7955371089235	12618070
2	P1566	27.8077564217784	12618510
2	P1567	27.8100990265284	12618577
2	P1568	27.8163719971214	12619855
2	P1569	27.8180184235094	12621271
2	P1570	27.8181277201764	12621365
2	P1571	27.8206124752549	12623502
2	P1572	27.8212229087674	12624027
2	P1573	27.8215531242294	12624311
2	P1574	27.8386438514329	12625491
2	P1575	27.8426553337429	12625997
2	P1576	27.8495024507824	12626176
2	P1577	27.8651436770195	12627704
2	P1578	27.8656975796405	12629274
2	P1579	27.8658490099445	12629882
2	P1580	27.8663473850075	12631883
2	P1581	27.8667999197309	12633794
2	P1582	27.8672496769407	12635695
2	P1583	27.8672610332511	12635743
2	P1584	27.8676600315871	12637503
2	P1585	27.8691100732182	12641879
2	P1586	27.8696823433879	12642767
2	P1587	27.8706755086867	12644323
2	P1588	27.8706912423197	12644429
2	P1589	27.8707293729507	12644583
2	P1590	27.8712442729542	12645123
2	P1591	27.8724571533222	12646107
2	P1592	27.8946840599942	12649204
2	P1593	27.9017800184242	12650183
2	P1594	27.9070856788642	12650915
2	P1595	27.9082453860642	12651075
2	P1596	27.9088495663517	12651170
2	P1597	27.9108274618192	12651481
2	P1598	27.9126259426647	12651822
2	P1599	27.9126582457655	12652001
2	P1600	27.9126865786527	12652158
2	P1601	27.9127035422922	12652252
2	P1602	27.9127367477142	12652436
2	P1603	27.9128337916615	12653176
2	P1604	27.9128455045651	12653548
2	P1605	27.9128936156315	12655076
2	P1606	27.9129216069522	12655965
2	P1607	27.9129620668477	12657250
2	P1608	27.9130257244814	12658033
2	P1609	27.9130574570155	12658632
2	P1610	27.9135461635723	12661344
2	P1611	27.9155309460453	12666235
2	P1612	27.9161932165413	12667867
2	P1613	27.9172288257973	12670419
2	P1614	27.9175964833153	12671325
2	P1615	27.9182433332973	12672919
2	P1616	27.9238435032801	12676045
2	P1617	27.9307567375551	12677035
2	P1618	27.9322676411801	12677112
2	P1619	27.9523018308051	12678133
2	P1620	27.977814631985	12679241
2	P1621	27.98321574866	12680118
2	P1622	27.983357909042	12680472
2	P1623	27.983726562236	12681390
2	P1624	27.983934180647	12681907
2	P1625	27.984391985267	12683047
2	P1626	27.992884058197	12684392
2	P1627	27.993779218876	12684532
2	P1628	28.0030340659015	12686021
2	P1629	28.006138418094	12686386
2	P1630	28.0064531058505	12686423
2	P1631	28.0088090114869	12686700
2	P1632	28.0111734221979	12686978
2	P1633	28.0148511686377	12688341
2	P1634	28.0152179658229	12688579
2	P1635	28.0154378467254	12688994
2	P1636	28.0161357676053	12690779
2	P1637	28.0163165961675	12691285
2	P1638	28.0168557051499	12693172
2	P1639	28.01697036812	12693774
2	P1640	28.01697055859	12693775
2	P1641	28.0170863643804	12694383
2	P1642	28.0177263437484	12697743
2	P1643	28.0178101505704	12698183
2	P1644	28.0179238611903	12698780
2	P1645	28.0179347179831	12698837
2	P1646	28.018099188537	12699621
2	P1647	28.018214020121	12699845
2	P1648	28.018770661122	12700805
2	P1649	28.019534346457	12701736
2	P1650	28.020254556687	12702614
2	P1651	28.026142183902	12708816
2	P1652	28.0261639888005	12708837
2	P1653	28.0274343604285	12710157
2	P1654	28.0279023867985	12710697
2	P1655	28.0283669463065	12711233
2	P1656	28.0286009594915	12711503
2	P1657	28.029191192747	12712184
2	P1658	28.0310034948575	12714275
2	P1659	28.031323312877	12714644
2	P1660	28.0340734011585	12717817
2	P1661	28.036025323184	12719814
2	P1662	28.036774883332	12720668
2	P1663	28.0599963270345	12721308
2	P1664	28.0773484187345	12721633
2	P1665	28.0860093209845	12722018
2	P1666	28.0989444347345	12722593
2	P1667	28.1033986130345	12722791
2	P1668	28.1246571912845	12723736
2	P1669	28.1299662118845	12723972
2	P1670	28.1479403960345	12724771
2	P1671	28.3202805353504	12727417
2	P1672	28.3203474419364	12727616
2	P1673	28.3230062863714	12728266
2	P1674	28.3316454855202	12730378
2	P1675	28.3324431388507	12730573
2	P1676	28.333888635962	12734108
2	P1677	28.333910660129	12734263
2	P1678	28.3339353840326	12734437
2	P1679	28.3340635504754	12735339
2	P1680	28.3341203471569	12735732
2	P1681	28.3343256098283	12737362
2	P1682	28.3345549220236	12741369
2	P1683	28.335716223161	12742186
2	P1684	28.338279443161	12743711
2	P1685	28.338650899961	12743932
2	P1686	28.339805609561	12744619
2	P1687	28.341609013839	12746690
2	P1688	28.341683098057	12747318
2	P1689	28.34181734621	12748456
2	P1690	28.3419429826625	12749521
2	P1691	28.3421057791925	12750901
2	P1692	28.3422806085095	12752383
2	P1693	28.3422841475645	12752413
2	P1694	28.3424332597485	12753677
2	P1695	28.3450009962135	12755794
2	P1696	28.3452196995135	12755908
2	P1697	28.3468446266635	12756755
2	P1698	28.3473223207135	12757004
2	P1699	28.3479630830135	12757338
2	P1700	28.3491083976635	12757935
2	P1701	28.3504225359135	12758620
2	P1702	28.3513529841635	12759105
2	P1703	28.3516599361635	12759265
2	P1704	28.3566189664085	12761169
2	P1705	28.3570372973985	12761323
2	P1706	28.3626844233625	12764067
2	P1707	28.362745754862	12764164
2	P1708	28.3631803551918	12765256
2	P1709	28.3633646225477	12765719
2	P1710	28.3635747589709	12766247
2	P1711	28.3636969405655	12766554
2	P1712	28.3644905239516	12768548
2	P1713	28.3647273254133	12769143
2	P1714	28.3656044857859	12771347
2	P1715	28.3659085468225	12772111
2	P1716	28.3663498052807	12774260
2	P1717	28.3664003860083	12774648
2	P1718	28.3664088595838	12774713
2	P1719	28.3664205922268	12774803
2	P1720	28.366438321554	12774939
2	P1721	28.3664619172027	12775120
2	P1722	28.3667475011788	12776708
2	P1723	28.3668153873582	12777113
2	P1724	28.3668326467624	12777255
2	P1725	28.3673329157368	12781030
2	P1726	28.3673846407775	12781435
2	P1727	28.3683060365044	12781850
2	P1728	28.37644032331	12783822
2	P1729	28.3782317025577	12784221
2	P1730	28.3799736954101	12784609
2	P1731	28.3895995528213	12786753
2	P1732	28.3902774933386	12786904
2	P1733	28.3912921592784	12787130
2	P1734	28.3921469498966	12787819
2	P1735	28.3922501349423	12787968
2	P1736	28.3925005068062	12789311
2	P1737	28.3937816646311	12790916
2	P1738	28.3938648784761	12791046
2	P1739	28.3949965867681	12792814
2	P1740	28.3950292321996	12792865
2	P1741	28.3953012774621	12793290
2	P1742	28.3967295206096	12795125
2	P1743	28.3994158560301	12797853
2	P1744	28.3997875561351	12798462
2	P1745	28.3997991526901	12798481
2	P1746	28.3999407527301	12798713
2	P1747	28.4005150873751	12799654
2	P1748	28.4020539476046	12801559
2	P1749	28.4025254597926	12802047
2	P1750	28.4029374379521	12802516
2	P1751	28.4042758497921	12804436
2	P1752	28.4051194100656	12805163
2	P1753	28.4052390770656	12805213
2	P1754	28.4053344504856	12805455
2	P1755	28.4054359335156	12805829
2	P1756	28.4054725650906	12805964
2	P1757	28.4054835506662	12806016
2	P1758	28.4059351779726	12808923
2	P1759	28.4059617789456	12809119
2	P1760	28.4059921800576	12809343
2	P1761	28.4061631429127	12810344
2	P1762	28.4062497408213	12811953
2	P1763	28.4063405367639	12813640
2	P1764	28.4063763815166	12814306
2	P1765	28.4063800951622	12814375
2	P1766	28.4064134475955	12814832
2	P1767	28.4087345873665	12818278
2	P1768	28.409896737022	12819905
2	P1769	28.4100459743425	12820382
2	P1770	28.4100672492645	12820450
2	P1771	28.411136086668	12821609
2	P1772	28.418290759018	12825928
2	P1773	28.420025036808	12827258
2	P1774	28.4206367435654	12829246
2	P1775	28.4206632119583	12829927
2	P1776	28.4207348437472	12831770
2	P1777	28.4207616230757	12832459
2	P1778	28.4208170084795	12833884
2	P1779	28.4211317140661	12837625
2	P1780	28.4213366214988	12839888
2	P1781	28.4213514908828	12840048
2	P1782	28.421467621042	12841192
2	P1783	28.4216733281695	12843082
2	P1784	28.4217363463848	12843661
2	P1785	28.4243649976449	12848669
2	P1786	28.4245729480138	12848950
2	P1787	28.4452703053518	12859983
2	P1788	28.4472612069568	12861104
2	P1789	28.4495131812968	12862372
2	P1790	28.4496961098118	12862475
2	P1791	28.4505159000584	12863688
2	P1792	28.4505918573794	12864748
2	P1793	28.4506093443407	12865150
2	P1794	28.4508833397231	12867992
2	P1795	28.4510831944619	12869661
2	P1796	28.4512665243631	12871192
2	P1797	28.4513657805673	12871797
2	P1798	28.4516408279173	12872657
2	P1799	28.4567869570568	12877166
2	P1800	28.4573394947873	12877609
2	P1801	28.4582375245073	12878329
2	P1802	28.4591607460646	12879005
2	P1803	28.4591844903308	12879118
2	P1804	28.4599320793183	12883821
2	P1805	28.4599578715708	12884066
2	P1806	28.4600640935413	12885075
2	P1807	28.4601176782618	12885584
2	P1808	28.4608531568638	12888120
2	P1809	28.460928095362	12888325
2	P1810	28.4610509213884	12888661
2	P1811	28.4614024810689	12889692
2	P1812	28.4614187218929	12889740
2	P1813	28.4617266208479	12890650
2	P1814	28.46256530635	12892929
2	P1815	28.4627281210648	12893400
2	P1816	28.4633648614144	12895242
2	P1817	28.4638277253276	12896581
2	P1818	28.4648438360529	12898460
2	P1819	28.464907405733	12899033
2	P1820	28.4650628352648	12900434
2	P1821	28.4650735966243	12900531
2	P1822	28.4652052846002	12901718
2	P1823	28.4652053279092	12901719
2	P1824	28.4652062373982	12901740
2	P1825	28.4652087493202	12901798
2	P1826	28.4652168914122	12901986
2	P1827	28.4653179746182	12904320
2	P1828	28.4653373337412	12904767
2	P1829	28.4653433970012	12904907
2	P1830	28.4653585984602	12905258
2	P1831	28.465399446669	12905843
2	P1832	28.4654682025058	12906631
2	P1833	28.4654912374562	12906895
2	P1834	28.4658998923714	12911470
2	P1835	28.4661181480169	12913523
2	P1836	28.4661555877774	12913921
2	P1837	28.4662310317169	12914723
2	P1838	28.4662683774077	12915120
2	P1839	28.4664125863344	12916653
2	P1840	28.4664148440084	12916677
2	P1841	28.4678197145479	12919666
2	P1842	28.4691271121134	12921265
2	P1843	28.4701009148029	12922456
2	P1844	28.470608110146	12925199
2	P1845	28.4706689174724	12926303
2	P1846	28.4706892416603	12926672
2	P1847	28.4707153491537	12927146
2	P1848	28.4707734025251	12928200
2	P1849	28.4708950171779	12930408
2	P1850	28.470937483164	12931179
2	P1851	28.4710463745447	12933156
2	P1852	28.4716977289981	12938334
2	P1853	28.4717863073131	12938720
2	P1854	28.4718090255856	12938819
2	P1855	28.4724850663006	12941765
2	P1856	28.4732230007026	12942975
2	P1857	28.4740665042181	12944142
2	P1858	28.4749381967971	12945348
2	P1859	28.4765695484976	12947605
2	P1860	28.4778084216986	12949319
2	P1861	28.4779168411736	12949469
