2	rs114146804	10950615	10950615
2	rs542319410	10951168	10951168
2	rs1686418	10951196	10951196
2	rs76806487	10954740	10954740
2	rs10197595	10956867	10956867
2	rs73172402	10958092	10958092
2	rs902133	10958185	10958185
2	rs55770944	10959384	10959384
2	rs1326105967	10960565	10960565
2	rs149553803	10960921	10960921
2	rs1686494	10962656	10962656
2	rs148053370	10962752	10962752
2	rs1106184	10963527	10963527
2	rs1686490	10965641	10965641
2	rs72779474	10965980	10965980
2	rs59189612	10966299	10966299
2	rs1734406	10966450	10966450
2	rs149110928	10966832	10966832
2	rs79611937	10966963	10966963
2	rs1734405	10967016	10967016
2	rs115270466	10969435	10969435
2	rs112329893	10969662	10969662
2	rs56344711	10969688	10969688
2	rs4668698	10972383	10972383
2	rs10803729	10972626	10972626
2	rs116018343	10973445	10973445
2	rs114363400	10975582	10975582
2	rs12328172	10976259	10976259
2	rs55719303	10976524	10976524
2	rs193202566	10977338	10977338
2	rs978730512	10977352	10977352
2	rs112845058	10978480	10978480
2	rs111634901	10978486	10978486
2	rs973443709	10980454	10980454
2	rs112218696	10980868	10980868
2	rs186447702	10983280	10983280
2	rs77966298	10984514	10984514
2	rs1734386	10985116	10985116
2	rs377243149	10985123	10985123
2	rs112766963	10985928	10985928
2	rs116203691	10985962	10985962
2	rs1734395	10986902	10986902
2	rs112119677	10987714	10987714
2	rs2952625	10989662	10989662
2	rs80072521	10990100	10990100
2	rs16856747	10990178	10990178
2	rs142630393	10991390	10991390
2	rs73915850	10992602	10992602
2	rs16856751	10993588	10993588
2	rs56292592	10993751	10993751
2	rs189572273	10993752	10993752
2	rs148530898	10993880	10993880
2	rs182064978	10995655	10995655
2	rs56361766	10995661	10995661
2	rs17365609	10996612	10996612
2	rs144798001	10997272	10997272
2	rs111479184	10997312	10997312
2	rs11693398	10999094	10999094
2	rs28594430	10999315	10999315
2	rs12053530	11000446	11000446
2	rs13027142	11000696	11000696
2	rs56006425	11002337	11002337
2	rs12468528	11008443	11008443
2	rs113467105	11008650	11008650
2	rs56143011	11009362	11009362
2	rs73176562	11012309	11012309
2	rs59405278	11012426	11012426
2	rs67986325	11014572	11014572
2	rs13387075	11017252	11017252
2	rs1574182	11019047	11019047
2	rs56979974	11019966	11019966
2	rs12468260	11020262	11020262
2	rs1922718	11020719	11020719
2	rs866005308	11021226	11021226
2	rs149005910	11021667	11021667
2	rs4669639	11021849	11021849
2	rs73176584	11022041	11022041
2	rs57624707	11023594	11023594
2	rs150138597	11023803	11023803
2	rs59756803	11023986	11023986
2	rs1922717	11024358	11024358
2	rs2357882	11025450	11025450
2	rs111302041	11025635	11025635
2	rs7572213	11028133	11028133
2	rs55833058	11028264	11028264
2	rs73176594	11028599	11028599
2	rs7587715	11028873	11028873
2	rs141011291	11029611	11029611
2	rs11902863	11030692	11030692
2	rs10929707	11030793	11030793
2	rs2178739	11031993	11031993
2	rs7574934	11034172	11034172
2	rs562203803	11035634	11035634
2	rs2141923	11037954	11037954
2	rs781387761	11040932	11040932
2	rs145143650	11041447	11041447
2	rs10803730	11045074	11045074
2	rs1295114093	11045083	11045083
2	rs375891420	11045688	11045688
2	rs116010812	11046593	11046593
2	rs56352617	11047615	11047615
2	rs73184557	11049882	11049882
2	rs545913143	11054133	11054133
2	rs776766563	11055451	11055451
2	rs148058253	11055645	11055645
2	rs113576857	11055907	11055907
2	rs112930156	11056177	11056177
2	rs113963552	11057424	11057424
2	rs12233039	11057738	11057738
2	rs112969244	11058030	11058030
2	rs1027211460	11058110	11058110
2	rs4668701	11059730	11059730
2	rs114994159	11060120	11060120
2	rs552694162	11062982	11062982
2	rs373642610	11063932	11063932
2	rs4669647	11064348	11064348
2	rs138446241	11065817	11065817
2	rs113600210	11066069	11066069
2	rs6748617	11066501	11066501
2	rs11674438	11069054	11069054
2	rs1467993	11072956	11072956
2	rs887653114	11073368	11073368
2	rs115321376	11074416	11074416
2	rs930764	11074642	11074642
2	rs2084927	11078304	11078304
2	rs7578164	11078397	11078397
2	rs114913747	11078695	11078695
2	rs10174001	11079468	11079468
2	rs1377367	11080556	11080556
2	rs145144388	11081201	11081201
2	rs71439036	11081655	11081655
2	rs4669651	11081762	11081762
2	rs6744936	11083095	11083095
2	rs4669653	11083259	11083259
2	rs4233892	11083308	11083308
2	rs34889403	11083534	11083534
2	rs7594176	11083972	11083972
2	rs7594183	11083994	11083994
2	rs115186281	11085044	11085044
2	rs375903294	11085101	11085101
2	rs2084928	11085608	11085608
2	rs113134009	11085941	11085941
2	rs376840087	11086010	11086010
2	rs1435224744	11086744	11086744
2	rs11895862	11087840	11087840
2	rs11895495	11090816	11090816
2	rs77156771	11092540	11092540
2	rs73917612	11092880	11092880
2	rs146448651	11095922	11095922
2	rs6758059	11096390	11096390
2	rs79244064	11096755	11096755
2	rs751289	11096786	11096786
2	rs998373	11097142	11097142
2	rs36025172	11097392	11097392
2	rs13026663	11097777	11097777
2	rs148411397	11099022	11099022
2	rs6745077	11100784	11100784
2	rs7596594	11106729	11106729
2	rs13009756	11106913	11106913
2	rs76890996	11107062	11107062
2	rs6748518	11107245	11107245
2	rs6754020	11110511	11110511
2	rs72781481	11110520	11110520
2	rs114922134	11110531	11110531
2	rs4668702	11115258	11115258
2	rs62119119	11115931	11115931
2	rs754798	11126753	11126753
2	rs145551725	11129844	11129844
2	rs116685250	11134972	11134972
2	rs576200536	11134988	11134988
2	rs375555863	11135055	11135055
2	rs10195742	11135890	11135890
2	rs12373589	11142670	11142670
2	rs12373730	11142676	11142676
2	rs4669663	11143675	11143675
2	rs73915229	11145421	11145421
2	rs80191430	11147481	11147481
2	rs6714153	11148043	11148043
2	rs57567139	11149239	11149239
2	rs13022057	11151452	11151452
2	rs573166414	11153437	11153437
2	rs141121560	11154072	11154072
2	rs7586594	11158962	11158962
2	rs72783410	11160765	11160765
2	rs79748063	11161092	11161092
2	rs140140283	11162168	11162168
2	rs11679387	11162856	11162856
2	rs11901221	11163329	11163329
2	rs2357886	11165272	11165272
2	rs733243	11165500	11165500
2	rs985753513	11167391	11167391
2	rs4669679	11169962	11169962
2	rs12994083	11169965	11169965
2	rs12992549	11170040	11170040
2	rs76659566	11174063	11174063
2	rs935735043	11174103	11174103
2	rs74761554	11174108	11174108
2	rs12692429	11176276	11176276
2	rs11685374	11177830	11177830
2	rs72783424	11179239	11179239
2	rs6432164	11182136	11182136
2	rs4668711	11183443	11183443
2	rs34261765	11183616	11183616
2	rs116486736	11185304	11185304
2	rs72783429	11188174	11188174
2	rs75454720	11189902	11189902
2	rs74419748	11190388	11190388
2	rs1344550385	11191859	11191859
2	rs942370145	11192590	11192590
2	rs75307975	11194638	11194638
2	rs6432165	11195051	11195051
2	rs16857110	11197075	11197075
2	rs143155935	11198440	11198440
2	rs142364649	11202694	11202694
2	rs146636677	11203164	11203164
2	rs1414695293	11203820	11203820
2	rs76885400	11204649	11204649
2	rs73917719	11205580	11205580
2	rs143767656	11205727	11205727
2	rs72783467	11208413	11208413
2	rs73917721	11209311	11209311
2	rs13019113	11209361	11209361
2	rs76370691	11209950	11209950
2	rs13419117	11210303	11210303
2	rs112277426	11211196	11211196
2	rs4669685	11213936	11213936
2	rs72783478	11213997	11213997
2	rs962159092	11214078	11214078
2	rs13417860	11214530	11214530
2	rs141467003	11216038	11216038
2	rs16857139	11216322	11216322
2	rs113895829	11216387	11216387
2	rs1248903544	11217422	11217422
2	rs141928641	11219867	11219867
2	rs6724670	11220831	11220831
2	rs181143568	11222342	11222342
2	rs4668712	11226507	11226507
2	rs35745286	11227336	11227336
2	rs7558216	11229160	11229160
2	rs7599293	11229267	11229267
2	rs4669687	11229946	11229946
2	rs144741933	11230267	11230267
2	rs114463431	11230334	11230334
2	rs11685699	11232685	11232685
2	rs11678834	11232737	11232737
2	rs35790419	11233071	11233071
2	rs6432170	11233606	11233606
2	rs13425856	11234838	11234838
2	rs141673048	11236284	11236284
2	rs868096077	11237684	11237684
2	rs147466343	11237784	11237784
2	rs528122479	11237995	11237995
2	rs191115707	11243432	11243432
2	rs6432172	11243686	11243686
2	rs114790411	11247351	11247351
2	rs12692431	11247693	11247693
2	rs925748	11247813	11247813
2	rs13005670	11252094	11252094
2	rs188567803	11252664	11252664
2	rs13408278	11254336	11254336
2	rs6719103	11254513	11254513
2	rs957045055	11254672	11254672
2	rs10432406	11255523	11255523
2	rs12233161	11256748	11256748
2	rs148189641	11256917	11256917
2	rs114031243	11257226	11257226
2	rs75596656	11257771	11257771
2	rs11892684	11258601	11258601
2	rs6735334	11258652	11258652
2	rs112676539	11258658	11258658
2	rs150477240	11259093	11259093
2	rs73187661	11260635	11260635
2	rs141461216	11262672	11262672
2	rs546004685	11262865	11262865
2	rs6752604	11264444	11264444
2	rs7607748	11265654	11265654
2	rs949723921	11265815	11265815
2	rs61710770	11267082	11267082
2	rs13390774	11267962	11267962
2	rs74834615	11267966	11267966
2	rs73187677	11268173	11268173
2	rs72785428	11269525	11269525
2	rs868393	11270690	11270690
2	rs6733410	11273757	11273757
2	rs6751137	11273813	11273813
2	rs6706759	11277727	11277727
2	rs72785431	11279449	11279449
2	rs6432178	11283965	11283965
2	rs111499300	11284200	11284200
2	rs115349314	11285624	11285624
2	rs4386295	11287947	11287947
2	rs4446053	11287976	11287976
2	rs57447764	11291944	11291944
2	rs13028675	11293451	11293451
2	rs145428849	11293587	11293587
2	rs13031027	11293791	11293791
2	rs10174282	11293844	11293844
2	rs138521026	11296326	11296326
2	rs7589786	11296420	11296420
2	rs76082732	11297749	11297749
2	rs113244999	11298073	11298073
2	rs568044877	11298914	11298914
2	rs11888737	11299074	11299074
2	rs189549599	11302770	11302770
2	rs866085871	11302876	11302876
2	rs182188625	11306008	11306008
2	rs12986981	11308176	11308176
2	rs549073858	11309133	11309133
2	rs540921832	11312689	11312689
2	rs76146157	11312912	11312912
2	rs2290157	11315511	11315511
2	rs1004393464	11320616	11320616
2	rs1362860963	11323241	11323241
2	rs1515224	11324575	11324575
2	rs114663502	11324748	11324748
2	rs73915395	11325368	11325368
2	rs1024621934	11325712	11325712
2	rs577899158	11326536	11326536
2	rs114590843	11327132	11327132
2	rs191029968	11329383	11329383
2	rs546899075	11339345	11339345
2	rs141774190	11340045	11340045
2	rs145334990	11341545	11341545
2	rs73917504	11341563	11341563
2	rs148804946	11341851	11341851
2	rs11901643	11342952	11342952
2	rs1375854	11343592	11343592
2	rs143201167	11347361	11347361
2	rs10454126	11349196	11349196
2	rs561785493	11350716	11350716
2	rs146186722	11352418	11352418
2	rs4477885	11352718	11352718
2	rs115670030	11354044	11354044
2	rs79279261	11354127	11354127
2	rs373456196	11354634	11354634
2	rs55714132	11357889	11357889
2	rs534201418	11358155	11358155
2	rs893122490	11360823	11360823
2	rs539549130	11361818	11361818
2	rs143256807	11361900	11361900
2	rs72785499	11361923	11361923
2	rs138413723	11362862	11362862
2	rs1163962554	11365183	11365183
2	rs10176416	11366800	11366800
2	rs115184430	11368357	11368357
2	rs139596370	11370234	11370234
2	rs11676201	11371482	11371482
2	rs141686598	11373530	11373530
2	rs116077280	11374970	11374970
2	rs536272289	11378950	11378950
2	rs114180174	11379800	11379800
2	rs2357996	11380529	11380529
2	rs1268481223	11381062	11381062
2	rs58933187	11381900	11381900
2	rs147967050	11384195	11384195
2	rs142612933	11386417	11386417
2	rs147924086	11389372	11389372
2	rs6730673	11393672	11393672
2	rs531305426	11394309	11394309
2	rs114887242	11394348	11394348
2	rs12479227	11394353	11394353
2	rs191075239	11401907	11401907
2	rs116441568	11402712	11402712
2	rs150712706	11403179	11403179
2	rs151029344	11405185	11405185
2	rs7558664	11405246	11405246
2	rs1562749	11405277	11405277
2	rs116326851	11406269	11406269
2	rs4303693	11408216	11408216
2	rs62121453	11408992	11408992
2	rs6713382	11409531	11409531
2	rs12477052	11410094	11410094
2	rs139618490	11412376	11412376
2	rs181933666	11412622	11412622
2	rs56256182	11412743	11412743
2	rs115676188	11413691	11413691
2	rs541411388	11416503	11416503
2	rs539974686	11417281	11417281
2	rs75753559	11417616	11417616
2	rs998810308	11418431	11418431
2	rs149832674	11418748	11418748
2	rs558748261	11420839	11420839
2	rs146286404	11421569	11421569
2	rs886171460	11423815	11423815
2	rs991454640	11423927	11423927
2	rs563402142	11423932	11423932
2	rs7593091	11424461	11424461
2	rs964161375	11424892	11424892
2	rs6735090	11425110	11425110
2	rs116690879	11427992	11427992
2	rs571858431	11428565	11428565
2	rs576070872	11429484	11429484
2	rs1320395721	11430361	11430361
2	rs59883361	11431536	11431536
2	rs115862584	11432209	11432209
2	rs570146107	11433339	11433339
2	rs4669706	11433497	11433497
2	rs557266746	11433525	11433525
2	rs6732258	11434041	11434041
2	rs111397432	11438276	11438276
2	rs867126184	11438357	11438357
2	rs7573458	11439107	11439107
2	rs62118011	11439123	11439123
2	rs62118012	11441993	11441993
2	rs12692434	11442583	11442583
2	rs12692435	11445098	11445098
2	rs111611193	11445427	11445427
2	rs6733312	11446507	11446507
2	rs554051538	11446520	11446520
2	rs575728773	11446979	11446979
2	rs113899161	11448232	11448232
2	rs6713273	11448334	11448334
2	rs951715619	11448715	11448715
2	rs190145170	11449500	11449500
2	rs540833392	11450872	11450872
2	rs79270857	11451111	11451111
2	rs73915161	11451415	11451415
2	rs12994807	11451445	11451445
2	rs10203916	11451984	11451984
2	rs570581155	11452506	11452506
2	rs540817257	11455084	11455084
2	rs371538451	11455836	11455836
2	rs12992581	11456373	11456373
2	rs761069422	11456902	11456902
2	rs186836230	11458411	11458411
2	rs9712182	11458811	11458811
2	rs10929730	11459559	11459559
2	rs183181868	11459703	11459703
2	rs6755337	11460285	11460285
2	rs4669709	11462277	11462277
2	rs6414056	11464355	11464355
2	rs2084577	11466089	11466089
2	rs920595963	11466525	11466525
2	rs537189709	11470031	11470031
2	rs114937483	11472401	11472401
2	rs73915165	11476045	11476045
2	rs58258043	11478705	11478705
2	rs12692437	11480561	11480561
2	rs143248872	11481547	11481547
2	rs139834607	11483427	11483427
2	rs6709854	11483433	11483433
2	rs149892383	11490554	11490554
2	rs13394039	11491121	11491121
2	rs139503437	11494682	11494682
2	rs4606895	11495419	11495419
2	rs4497846	11497057	11497057
2	rs149776312	11498151	11498151
2	rs79980920	11499966	11499966
2	rs867971227	11503735	11503735
2	rs552498367	11504933	11504933
2	rs4313944	11505884	11505884
2	rs113727490	11507375	11507375
2	rs12692440	11508494	11508494
2	rs4668723	11509634	11509634
2	rs113419143	11509877	11509877
2	rs187182280	11510480	11510480
2	rs12997263	11510487	11510487
2	rs7420679	11510597	11510597
2	rs10202323	11512429	11512429
2	rs35231136	11513367	11513367
2	rs73177275	11518917	11518917
2	rs4477887	11522054	11522054
2	rs115713723	11522132	11522132
2	rs112146235	11522639	11522639
2	rs62118906	11522644	11522644
2	rs12692442	11523135	11523135
2	rs75025097	11523690	11523690
2	rs60986311	11525202	11525202
2	rs79758909	11526076	11526076
2	rs9679729	11526479	11526479
2	rs76232944	11526554	11526554
2	rs11693258	11528505	11528505
2	rs4076790	11529067	11529067
2	rs116660746	11529427	11529427
2	rs72610737	11529444	11529444
2	rs57108025	11529899	11529899
2	rs139722918	11532411	11532411
2	rs10175541	11533711	11533711
2	rs569139688	11533734	11533734
2	rs80054310	11533801	11533801
2	rs149510081	11534720	11534720
2	rs187467116	11537071	11537071
2	rs7558483	11537452	11537452
2	rs76297095	11538045	11538045
2	rs79163829	11538351	11538351
2	rs76171244	11538714	11538714
2	rs10803734	11539559	11539559
2	rs558347570	11540754	11540754
2	rs374948480	11543986	11543986
2	rs6432191	11548589	11548589
2	rs73180156	11549071	11549071
2	rs75625553	11554722	11554722
2	rs143013143	11557541	11557541
2	rs77774271	11557607	11557607
2	rs12615138	11557800	11557800
2	rs145091348	11560514	11560514
2	rs138413133	11561145	11561145
2	rs190682953	11564727	11564727
2	rs192158251	11564728	11564728
2	rs115458278	11565357	11565357
2	rs758438144	11566413	11566413
2	rs147551615	11568287	11568287
2	rs141950999	11568721	11568721
2	rs145897104	11569044	11569044
2	rs150343021	11569202	11569202
2	rs141970545	11570957	11570957
2	rs56837745	11571764	11571764
2	rs140369040	11574149	11574149
2	rs577475301	11574478	11574478
2	rs150226568	11574864	11574864
2	rs139106206	11574873	11574873
2	rs147497519	11575304	11575304
2	rs140202198	11575336	11575336
2	rs144141485	11575489	11575489
2	rs150960925	11576391	11576391
2	rs143377378	11576539	11576539
2	rs146713104	11576543	11576543
2	rs140335846	11576656	11576656
2	rs139869613	11578364	11578364
2	rs73181960	11578957	11578957
2	rs149774691	11579402	11579402
2	rs115071367	11580774	11580774
2	rs148661605	11582017	11582017
2	rs147843995	11582186	11582186
2	rs145836007	11582741	11582741
2	rs563624383	11583597	11583597
2	rs555495447	11583838	11583838
2	rs11687178	11584197	11584197
2	rs114023187	11584350	11584350
2	rs6432194	11584417	11584417
2	rs145353287	11584857	11584857
2	rs546459775	11586009	11586009
2	rs141384274	11586920	11586920
2	rs137954424	11587553	11587553
2	rs139779636	11588195	11588195
2	rs116774309	11588348	11588348
2	rs7588248	11588528	11588528
2	rs374880590	11588553	11588553
2	rs141124036	11594258	11594258
2	rs189130738	11594774	11594774
2	rs6732604	11595037	11595037
2	rs80122710	11597072	11597072
2	rs144733048	11597515	11597515
2	rs10803736	11597908	11597908
2	rs148567720	11598555	11598555
2	rs114691035	11599545	11599545
2	rs148311817	11600265	11600265
2	rs975512319	11602426	11602426
2	rs144067605	11604922	11604922
2	rs149986228	11605698	11605698
2	rs112945604	11606767	11606767
2	rs147894349	11606775	11606775
2	rs144590002	11609855	11609855
2	rs900841195	11609910	11609910
2	rs185732596	11610530	11610530
2	rs35734540	11612537	11612537
2	rs141226034	11612810	11612810
2	rs139162662	11613067	11613067
2	rs73917220	11613977	11613977
2	rs538845529	11615664	11615664
2	rs905150968	11616003	11616003
2	rs114899169	11616676	11616676
2	rs57198927	11616998	11616998
2	rs143810662	11617357	11617357
2	rs6432200	11617423	11617423
2	rs4668727	11620031	11620031
2	rs73917221	11620917	11620917
2	rs148306342	11623687	11623687
2	rs573500283	11623727	11623727
2	rs1561015	11623954	11623954
2	rs140310638	11627311	11627311
2	rs4669732	11628475	11628475
2	rs6432207	11629104	11629104
2	rs4669733	11629221	11629221
2	rs4668728	11629248	11629248
2	rs4669734	11629272	11629272
2	rs4669735	11629373	11629373
2	rs7597865	11629942	11629942
2	rs115970963	11630353	11630353
2	rs144213947	11630821	11630821
2	rs75906878	11631823	11631823
2	rs4233893	11631978	11631978
2	rs146758887	11632612	11632612
2	rs145556059	11632948	11632948
2	rs146506141	11637040	11637040
2	rs77490640	11637043	11637043
2	rs1595018	11637869	11637869
2	rs192353541	11638708	11638708
2	rs115590318	11638722	11638722
2	rs4668729	11640935	11640935
2	rs142569980	11643627	11643627
2	rs553374992	11643657	11643657
2	rs76676607	11643718	11643718
2	rs6719003	11643830	11643830
2	rs6719009	11643849	11643849
2	rs6713415	11645214	11645214
2	rs6756327	11645706	11645706
2	rs4669739	11646999	11646999
2	rs4669740	11647165	11647165
2	rs877164	11647686	11647686
2	rs6739168	11648947	11648947
2	rs2082830	11649547	11649547
2	rs2082829	11649652	11649652
2	rs568263992	11650635	11650635
2	rs4669742	11651307	11651307
2	rs10929750	11651522	11651522
2	rs10174895	11651752	11651752
2	rs10201673	11651962	11651962
2	rs6741736	11652459	11652459
2	rs13432124	11660000	11660000
2	rs979977312	11660399	11660399
2	rs73187491	11661779	11661779
2	rs59936690	11662761	11662761
2	rs59489734	11669548	11669548
2	rs76247797	11671141	11671141
2	rs189912225	11671989	11671989
2	rs16857586	11672343	11672343
2	rs1051707750	11672494	11672494
2	rs59885883	11673462	11673462
2	rs73189377	11674659	11674659
2	rs116578117	11674662	11674662
2	rs59327915	11674697	11674697
2	rs188727195	11678306	11678306
2	rs145446156	11681732	11681732
2	rs1031077360	11682440	11682440
2	rs7568108	11683324	11683324
2	rs7568223	11683423	11683423
2	rs12994182	11683898	11683898
2	rs148277627	11686252	11686252
2	rs2043543	11687506	11687506
2	rs141740705	11688120	11688120
2	rs143808333	11689091	11689091
2	rs71446416	11689210	11689210
2	rs142340611	11690354	11690354
2	rs6745409	11690392	11690392
2	rs6718650	11690990	11690990
2	rs974162	11691250	11691250
2	rs4669749	11692664	11692664
2	rs74882454	11692735	11692735
2	rs143764257	11693006	11693006
2	rs191905789	11694131	11694131
2	rs6432215	11694782	11694782
2	rs56700845	11695935	11695935
2	rs61222790	11696015	11696015
2	rs4669750	11696056	11696056
2	rs56237365	11697283	11697283
2	rs73915421	11697843	11697843
2	rs73915423	11697945	11697945
2	rs56198642	11698334	11698334
2	rs867278022	11698363	11698363
2	rs73915426	11699946	11699946
2	rs75572704	11701084	11701084
2	rs138276777	11701292	11701292
2	rs55665782	11701319	11701319
2	rs55728517	11701322	11701322
2	rs186781693	11701330	11701330
2	rs115352677	11706326	11706326
2	rs13383579	11706730	11706730
2	rs78368137	11707091	11707091
2	rs147359087	11707471	11707471
2	rs1039765876	11712079	11712079
2	rs73915434	11712615	11712615
2	rs16857649	11714426	11714426
2	rs73915435	11715677	11715677
2	rs7575988	11715776	11715776
2	rs183888834	11716004	11716004
2	rs7564191	11716060	11716060
2	rs113467400	11720299	11720299
2	rs72772076	11728854	11728854
2	rs36030386	11736305	11736305
2	rs7557063	11738378	11738378
2	rs538911385	11740550	11740550
2	rs1025751063	11740559	11740559
2	rs16857679	11741157	11741157
2	rs11688915	11741390	11741390
2	rs10182367	11741729	11741729
2	rs13404816	11742486	11742486
2	rs75039533	11746447	11746447
2	rs10153895	11746471	11746471
2	rs12616734	11747063	11747063
2	rs12476319	11748406	11748406
2	rs4669756	11749041	11749041
2	rs868223973	11750087	11750087
2	rs181362051	11754843	11754843
2	rs188866955	11755256	11755256
2	rs56805168	11755485	11755485
2	rs6735957	11757009	11757009
2	rs114783798	11758491	11758491
2	rs7599927	11760576	11760576
2	rs557146076	11760807	11760807
2	rs750444980	11761016	11761016
2	rs753345550	11761939	11761939
2	rs6718783	11768872	11768872
2	rs78225048	11769016	11769016
2	rs11903499	11769867	11769867
2	rs7564647	11770685	11770685
2	rs2304402	11774324	11774324
2	rs144445569	11774946	11774946
2	rs145844682	11775828	11775828
2	rs149183693	11779005	11779005
2	rs910554034	11780004	11780004
2	rs4669759	11782310	11782310
2	rs73915454	11784407	11784407
2	rs192639210	11785784	11785784
2	rs7575503	11786257	11786257
2	rs6722286	11787410	11787410
2	rs78904643	11790045	11790045
2	rs191143986	11792687	11792687
2	rs11690767	11792857	11792857
2	rs4401188	11793393	11793393
2	rs187406846	11794093	11794093
2	rs116722435	11794095	11794095
2	rs116088833	11794230	11794230
2	rs77987143	11794243	11794243
2	rs184338244	11794385	11794385
2	rs59134070	11795342	11795342
2	rs558849042	11795364	11795364
2	rs866848064	11795399	11795399
2	rs10174803	11797240	11797240
2	rs559149575	11799510	11799510
2	rs147613609	11803689	11803689
2	rs4233895	11805745	11805745
2	rs6708777	11806340	11806340
2	rs76369609	11808299	11808299
2	rs4669766	11808725	11808725
2	rs11689037	11809161	11809161
2	rs4669768	11809236	11809236
2	rs73177462	11810847	11810847
2	rs11901457	11811630	11811630
2	rs4233896	11811853	11811853
2	rs74475816	11813300	11813300
2	rs28835360	11813306	11813306
2	rs7565057	11815364	11815364
2	rs145994034	11817109	11817109
2	rs61154855	11819782	11819782
2	rs11677240	11820910	11820910
2	rs144709804	11821784	11821784
2	rs58989297	11824869	11824869
2	rs56960281	11825201	11825201
2	rs6432228	11827277	11827277
2	rs11691729	11828569	11828569
2	rs73177496	11829382	11829382
2	rs4427994	11830081	11830081
2	rs952189572	11831076	11831076
2	rs7580501	11834668	11834668
2	rs10178300	11835025	11835025
2	rs7583991	11835471	11835471
2	rs7597790	11835648	11835648
2	rs4517949	11835859	11835859
2	rs11683869	11839076	11839076
2	rs371279467	11839529	11839529
2	rs4233900	11839877	11839877
2	rs4233901	11839928	11839928
2	rs73179398	11841461	11841461
2	rs141331557	11841473	11841473
2	rs4233903	11841784	11841784
2	rs76080774	11845115	11845115
2	rs149008367	11846149	11846149
2	rs116386540	11846460	11846460
2	rs115934044	11846638	11846638
2	rs6757729	11846696	11846696
2	rs115291817	11846891	11846891
2	rs115217475	11847310	11847310
2	rs6736021	11848472	11848472
2	rs7560325	11848984	11848984
2	rs189007846	11849120	11849120
2	rs911433383	11849543	11849543
2	rs62116212	11850260	11850260
2	rs58026116	11851725	11851725
2	rs142632596	11852171	11852171
2	rs6432235	11852208	11852208
2	rs11693935	11854851	11854851
2	rs191586012	11854901	11854901
2	rs116773585	11854926	11854926
2	rs77950605	11855471	11855471
2	rs76379517	11855506	11855506
2	rs11683719	11855513	11855513
2	rs72773965	11856543	11856543
2	rs184997806	11857278	11857278
2	rs4668740	11857783	11857783
2	rs115908975	11858074	11858074
2	rs140890094	11858481	11858481
2	rs78208426	11858917	11858917
2	rs113493989	11860475	11860475
2	rs138309103	11863597	11863597
2	rs62113265	11866591	11866591
2	rs76555184	11866903	11866903
2	rs62113266	11868784	11868784
2	rs111665644	11870509	11870509
2	rs80044995	11870688	11870688
2	rs58686966	11871349	11871349
2	rs6755991	11877314	11877314
2	rs62113302	11879460	11879460
2	rs73183118	11879754	11879754
2	rs73183121	11880306	11880306
2	rs947833248	11880628	11880628
2	rs893351	11882211	11882211
2	rs893348	11882654	11882654
2	rs544890609	11883754	11883754
2	rs73185109	11888841	11888841
2	rs112616932	11889021	11889021
2	rs4076516	11889529	11889529
2	rs112302282	11890598	11890598
2	rs181625897	11890780	11890780
2	rs74421580	11891456	11891456
2	rs183809066	11892737	11892737
2	rs72773985	11893516	11893516
2	rs73185121	11894802	11894802
2	rs116192078	11896483	11896483
2	rs6744695	11899088	11899088
2	rs111580452	11904357	11904357
2	rs1184957729	11908153	11908153
2	rs10205400	11915284	11915284
2	rs147387879	11919993	11919993
2	rs149976988	11920990	11920990
2	rs1473276	11921697	11921697
2	rs7587836	11922855	11922855
2	rs17603197	11922987	11922987
2	rs4129757	11923418	11923418
2	rs916413781	11926516	11926516
2	rs756302	11930400	11930400
2	rs16857883	11939156	11939156
2	rs9677740	11940146	11940146
2	rs193085795	11940540	11940540
2	rs187691857	11940712	11940712
2	rs2577261	11940787	11940787
2	rs73917819	11947400	11947400
2	rs58037024	11947432	11947432
2	rs62114968	11951450	11951450
2	rs150246219	11952704	11952704
2	rs16857890	11952913	11952913
2	rs75505256	11962987	11962987
2	rs115050984	11964129	11964129
2	rs184347571	11967812	11967812
2	rs73191099	11972094	11972094
2	rs148888940	11972531	11972531
2	rs74353705	11973604	11973604
2	rs75738964	11974915	11974915
2	rs931660740	11975094	11975094
2	rs62114971	11976809	11976809
2	rs139225197	11978499	11978499
2	rs113428748	11978602	11978602
2	rs141041915	11979488	11979488
2	rs6718950	11979525	11979525
2	rs563313374	11980444	11980444
2	rs575372942	11982535	11982535
2	rs78028126	11983676	11983676
2	rs146349175	11984618	11984618
2	rs10201420	11984624	11984624
2	rs373576538	11985544	11985544
2	rs545004837	11986321	11986321
2	rs533138008	11986322	11986322
2	rs149930086	11986485	11986485
2	rs1176542218	11986629	11986629
2	rs12616049	11987497	11987497
2	rs79290283	11987931	11987931
2	rs79623146	11988757	11988757
2	rs76030315	11989372	11989372
2	rs7578171	11989664	11989664
2	rs73192716	11990310	11990310
2	rs17545676	11991192	11991192
2	rs73917856	11993736	11993736
2	rs115250552	11995652	11995652
2	rs13025686	12000052	12000052
2	rs116278230	12000347	12000347
2	rs60360590	12005646	12005646
2	rs16857959	12005719	12005719
2	rs369987065	12006296	12006296
2	rs34900642	12007353	12007353
2	rs35954069	12009292	12009292
2	rs1561286	12009494	12009494
2	rs79836594	12009703	12009703
2	rs114665392	12010884	12010884
2	rs34506780	12011260	12011260
2	rs1030894	12016543	12016543
2	rs893341	12017371	12017371
2	rs869163	12017824	12017824
2	rs56138994	12022620	12022620
2	rs149261707	12023267	12023267
2	rs9677498	12024415	12024415
2	rs57153650	12026983	12026983
2	rs141839405	12027983	12027983
2	rs10175734	12028031	12028031
2	rs150386463	12030577	12030577
2	rs66898022	12031143	12031143
2	rs73175418	12031307	12031307
2	rs17605516	12034108	12034108
2	rs56781281	12034155	12034155
2	rs4549056	12034322	12034322
2	rs73175429	12034930	12034930
2	rs1286289239	12035541	12035541
2	rs11887931	12036222	12036222
2	rs4669784	12037968	12037968
2	rs17605696	12039678	12039678
2	rs139278381	12039684	12039684
2	rs4668743	12039694	12039694
2	rs35020979	12040326	12040326
2	rs2716649	12040774	12040774
2	rs111437129	12041237	12041237
2	rs112259690	12041359	12041359
2	rs867558907	12041362	12041362
2	rs77892694	12041541	12041541
2	rs111541087	12041605	12041605
2	rs113703540	12041735	12041735
2	rs116623117	12042344	12042344
2	rs2581091	12042358	12042358
2	rs112774139	12042670	12042670
2	rs111966837	12042952	12042952
2	rs76294261	12043286	12043286
2	rs116006497	12043342	12043342
2	rs113975416	12043649	12043649
2	rs111811600	12043679	12043679
2	rs139844984	12043823	12043823
2	rs111575916	12043849	12043849
2	rs116004880	12044376	12044376
2	rs113401019	12044381	12044381
2	rs116358813	12044607	12044607
2	rs181552644	12045552	12045552
2	rs112798224	12045576	12045576
2	rs111959363	12046318	12046318
2	rs149189744	12046380	12046380
2	rs76435631	12046385	12046385
2	rs141634844	12046736	12046736
2	rs189537885	12046799	12046799
2	rs112143698	12047360	12047360
2	rs149929849	12048595	12048595
2	rs189792441	12048789	12048789
2	rs539796971	12049045	12049045
2	rs75158985	12049096	12049096
2	rs2581088	12049374	12049374
2	rs1414892806	12049399	12049399
2	rs138543502	12050051	12050051
2	rs113349132	12051350	12051350
2	rs113009329	12052047	12052047
2	rs7586265	12052525	12052525
2	rs145253976	12052687	12052687
2	rs111754686	12052829	12052829
2	rs73915837	12053450	12053450
2	rs11681144	12054383	12054383
2	rs13429245	12055621	12055621
2	rs915705775	12057016	12057016
2	rs138698540	12057999	12057999
2	rs74505036	12058163	12058163
2	rs67288085	12058430	12058430
2	rs13386049	12058738	12058738
2	rs146291932	12061553	12061553
2	rs528207961	12061679	12061679
2	rs114374815	12061861	12061861
2	rs13400431	12062961	12062961
2	rs908229622	12063094	12063094
2	rs747755249	12063387	12063387
2	rs73915862	12063423	12063423
2	rs12988353	12065861	12065861
2	rs1190784027	12067598	12067598
2	rs6759410	12069168	12069168
2	rs148101471	12069875	12069875
2	rs13427523	12070782	12070782
2	rs6721171	12072926	12072926
2	rs60509666	12075365	12075365
2	rs981639635	12075894	12075894
2	rs72775870	12075910	12075910
2	rs72775871	12075936	12075936
2	rs2581083	12076077	12076077
2	rs530112159	12076516	12076516
2	rs2716613	12078496	12078496
2	rs112556596	12080289	12080289
2	rs11891288	12082596	12082596
2	rs2249223	12083017	12083017
2	rs9287739	12083477	12083477
2	rs2581078	12083514	12083514
2	rs112413458	12084100	12084100
2	rs145915075	12084552	12084552
2	rs76525605	12091395	12091395
2	rs558075618	12093297	12093297
2	rs10168667	12094418	12094418
2	rs149618020	12095369	12095369
2	rs144322201	12095719	12095719
2	rs149082813	12098671	12098671
2	rs112484057	12100503	12100503
2	rs112651911	12102303	12102303
2	rs2033873	12102830	12102830
2	rs115762105	12103883	12103883
2	rs7593141	12104314	12104314
2	rs373456349	12105702	12105702
2	rs147058921	12105772	12105772
2	rs138507059	12106094	12106094
2	rs116436485	12106199	12106199
2	rs866087188	12107529	12107529
2	rs9287742	12108004	12108004
2	rs552551034	12109723	12109723
2	rs75616006	12110483	12110483
2	rs2581061	12112296	12112296
2	rs74717822	12113352	12113352
2	rs371125665	12116849	12116849
2	rs6715248	12117428	12117428
2	rs2581055	12117609	12117609
2	rs112878335	12118529	12118529
2	rs148560531	12118565	12118565
2	rs1371609	12119577	12119577
2	rs139085687	12121596	12121596
2	rs72777608	12121891	12121891
2	rs116125471	12122514	12122514
2	rs6736031	12122910	12122910
2	rs2716629	12123584	12123584
2	rs185598098	12129743	12129743
2	rs12470329	12131309	12131309
2	rs912940296	12132304	12132304
2	rs74519310	12134259	12134259
2	rs6754656	12134810	12134810
2	rs6754671	12134872	12134872
2	rs1488171292	12136433	12136433
2	rs113394318	12137737	12137737
2	rs4669793	12139070	12139070
2	rs35558229	12142257	12142257
2	rs10929775	12142379	12142379
2	rs1550399	12143324	12143324
2	rs1011968	12143402	12143402
2	rs10929776	12143698	12143698
2	rs12471363	12144407	12144407
2	rs74715475	12146554	12146554
2	rs868654279	12148012	12148012
2	rs13025618	12148038	12148038
2	rs115830140	12148701	12148701
2	rs12478664	12149069	12149069
2	rs12463701	12150011	12150011
2	rs41354650	12150367	12150367
2	rs751578	12153444	12153444
2	rs60873627	12153700	12153700
2	rs73918413	12154933	12154933
2	rs6432249	12156050	12156050
2	rs548828332	12156431	12156431
2	rs182408822	12156492	12156492
2	rs12479075	12157504	12157504
2	rs916522399	12158156	12158156
2	rs78478009	12158289	12158289
2	rs12467999	12159408	12159408
2	rs75123459	12159651	12159651
2	rs1055868687	12161562	12161562
2	rs12692452	12163225	12163225
2	rs13026386	12163521	12163521
2	rs149848028	12163630	12163630
2	rs11676561	12167384	12167384
2	rs62113775	12167822	12167822
2	rs59609793	12169876	12169876
2	rs903043087	12170764	12170764
2	rs74819693	12172554	12172554
2	rs73918426	12174376	12174376
2	rs113615966	12174761	12174761
2	rs7585074	12177316	12177316
2	rs181914362	12178236	12178236
2	rs906112480	12178291	12178291
2	rs140030731	12178851	12178851
2	rs2165219	12181388	12181388
2	rs11675063	12181503	12181503
2	rs73918432	12182171	12182171
2	rs151259179	12182646	12182646
2	rs181706182	12183071	12183071
2	rs727458	12184884	12184884
2	rs73918434	12185926	12185926
2	rs11695831	12186655	12186655
2	rs143894054	12191232	12191232
2	rs58281155	12192295	12192295
2	rs112377531	12192702	12192702
2	rs116494597	12193064	12193064
2	rs17549909	12193065	12193065
2	rs72777651	12193161	12193161
2	rs73194202	12193182	12193182
2	rs3930057	12193426	12193426
2	rs116132702	12193454	12193454
2	rs116228420	12195136	12195136
2	rs3856469	12195376	12195376
2	rs115987835	12196170	12196170
2	rs6432254	12196768	12196768
2	rs6432255	12199029	12199029
2	rs6432256	12199084	12199084
2	rs7562854	12199218	12199218
2	rs181271873	12200556	12200556
2	rs116369827	12201248	12201248
2	rs769131524	12202248	12202248
2	rs73918445	12204391	12204391
2	rs59169660	12206175	12206175
2	rs115242053	12206580	12206580
2	rs73918447	12207248	12207248
2	rs148383536	12207524	12207524
2	rs141565753	12207719	12207719
2	rs10209414	12207743	12207743
2	rs921329107	12208697	12208697
2	rs77612040	12209040	12209040
2	rs11896440	12209243	12209243
2	rs10199513	12211273	12211273
2	rs16858231	12213292	12213292
2	rs146745310	12214095	12214095
2	rs6729317	12214108	12214108
2	rs7569619	12215603	12215603
2	rs114742442	12217703	12217703
2	rs185715785	12218213	12218213
2	rs563083188	12220043	12220043
2	rs146903905	12220829	12220829
2	rs6432257	12220993	12220993
2	rs17615976	12221979	12221979
2	rs192969711	12222016	12222016
2	rs12465663	12222279	12222279
2	rs34970030	12222531	12222531
2	rs148721875	12223877	12223877
2	rs140016593	12224254	12224254
2	rs114301937	12224329	12224329
2	rs115437116	12224725	12224725
2	rs1375531359	12226752	12226752
2	rs113607911	12227191	12227191
2	rs79533868	12227560	12227560
2	rs6760943	12227797	12227797
2	rs145297507	12227910	12227910
2	rs138031993	12227969	12227969
2	rs142526904	12228029	12228029
2	rs10183374	12231009	12231009
2	rs182436893	12231345	12231345
2	rs79021787	12232576	12232576
2	rs61561197	12235743	12235743
2	rs12612178	12242054	12242054
2	rs6432262	12242056	12242056
2	rs17616433	12242198	12242198
2	rs55877424	12243809	12243809
2	rs968620575	12245434	12245434
2	rs868087633	12247707	12247707
2	rs10495592	12248484	12248484
2	rs1470013	12248589	12248589
2	rs149641100	12253465	12253465
2	rs11686069	12263852	12263852
2	rs763973047	12263900	12263900
2	rs7601706	12265210	12265210
2	rs61446594	12266357	12266357
2	rs12470224	12267700	12267700
2	rs74996641	12268594	12268594
2	rs533249637	12269159	12269159
2	rs553935002	12271630	12271630
2	rs62113841	12273259	12273259
2	rs75651629	12273863	12273863
2	rs28828189	12274861	12274861
2	rs10929786	12278234	12278234
2	rs2118670	12280509	12280509
2	rs12992106	12282667	12282667
2	rs3863942	12283500	12283500
2	rs189338723	12283511	12283511
2	rs115352004	12283912	12283912
2	rs16858333	12285268	12285268
2	rs115283590	12286019	12286019
2	rs12620412	12286645	12286645
2	rs529844092	12287568	12287568
2	rs10179718	12288075	12288075
2	rs34722030	12289332	12289332
2	rs12989685	12291019	12291019
2	rs1971516	12291656	12291656
2	rs146942593	12294107	12294107
2	rs139221840	12295416	12295416
2	rs746324	12296638	12296638
2	rs2019096	12296639	12296639
2	rs13406548	12298013	12298013
2	rs78070207	12298289	12298289
2	rs181626549	12298890	12298890
2	rs12992190	12299459	12299459
2	rs76313199	12303261	12303261
2	rs12471914	12303325	12303325
2	rs74573878	12303333	12303333
2	rs12692468	12303589	12303589
2	rs78733045	12304238	12304238
2	rs188630189	12304969	12304969
2	rs3906769	12305023	12305023
2	rs3906767	12305222	12305222
2	rs75382205	12305319	12305319
2	rs539210265	12305382	12305382
2	rs6760034	12306757	12306757
2	rs79080022	12307399	12307399
2	rs76580377	12307588	12307588
2	rs945689757	12308001	12308001
2	rs78156892	12309947	12309947
2	rs1281752726	12310385	12310385
2	rs13431905	12311278	12311278
2	rs115072633	12311389	12311389
2	rs116065362	12311391	12311391
2	rs111697711	12311523	12311523
2	rs143851281	12312061	12312061
2	rs11674851	12312436	12312436
2	rs79658915	12312716	12312716
2	rs546098509	12312962	12312962
2	rs149941733	12313336	12313336
2	rs59872839	12313389	12313389
2	rs74319148	12314488	12314488
2	rs1347803	12315591	12315591
2	rs574603301	12317469	12317469
2	rs78441498	12317738	12317738
2	rs10207171	12318980	12318980
2	rs55969827	12320125	12320125
2	rs74594053	12320354	12320354
2	rs116197383	12320403	12320403
2	rs62115925	12321039	12321039
2	rs4669825	12321069	12321069
2	rs13384722	12321208	12321208
2	rs13384808	12321306	12321306
2	rs11676351	12322198	12322198
2	rs10182720	12322576	12322576
2	rs10803744	12323369	12323369
2	rs75374384	12323753	12323753
2	rs79256934	12326421	12326421
2	rs10181369	12327199	12327199
2	rs190474588	12328037	12328037
2	rs11683325	12328463	12328463
2	rs529014627	12329213	12329213
2	rs6710882	12330084	12330084
2	rs10205430	12331260	12331260
2	rs13429835	12332125	12332125
2	rs3863947	12332670	12332670
2	rs760164525	12333139	12333139
2	rs1033492348	12333632	12333632
2	rs78452317	12333675	12333675
2	rs114889607	12333889	12333889
2	rs538761394	12334193	12334193
2	rs555096763	12334457	12334457
2	rs78830559	12334868	12334868
2	rs2602615	12336415	12336415
2	rs114746089	12336432	12336432
2	rs79338235	12337110	12337110
2	rs13407781	12338168	12338168
2	rs76761049	12338624	12338624
2	rs373228086	12338818	12338818
2	rs13388795	12340177	12340177
2	rs921642	12340226	12340226
2	rs114140373	12341617	12341617
2	rs62115928	12342290	12342290
2	rs28686894	12342614	12342614
2	rs6432270	12342726	12342726
2	rs142045915	12344137	12344137
2	rs2380421	12344697	12344697
2	rs1377536	12346638	12346638
2	rs1453482	12347712	12347712
2	rs75779392	12347917	12347917
2	rs9807985	12348384	12348384
2	rs1054357019	12348630	12348630
2	rs2380424	12349475	12349475
2	rs62115931	12349591	12349591
2	rs10186589	12350415	12350415
2	rs115614022	12350835	12350835
2	rs13384305	12350896	12350896
2	rs147674773	12352911	12352911
2	rs1551293	12354030	12354030
2	rs4669829	12354040	12354040
2	rs73196322	12354757	12354757
2	rs558341333	12355335	12355335
2	rs74699389	12359085	12359085
2	rs185855929	12359488	12359488
2	rs1182723223	12360011	12360011
2	rs568315560	12360019	12360019
2	rs111515124	12360268	12360268
2	rs16858479	12361873	12361873
2	rs4669833	12362506	12362506
2	rs35653140	12362776	12362776
2	rs115006015	12363417	12363417
2	rs190243577	12363527	12363527
2	rs35251638	12363681	12363681
2	rs1597982	12364470	12364470
2	rs75166714	12364509	12364509
2	rs4377310	12364515	12364515
2	rs116493485	12364926	12364926
2	rs6712490	12364986	12364986
2	rs12692473	12365264	12365264
2	rs724021	12366324	12366324
2	rs1453486	12366575	12366575
2	rs7579120	12369214	12369214
2	rs112081380	12369286	12369286
2	rs190114404	12369713	12369713
2	rs11685188	12373828	12373828
2	rs755772662	12374956	12374956
2	rs74621259	12377665	12377665
2	rs7583720	12378300	12378300
2	rs7586813	12378696	12378696
2	rs115502368	12378822	12378822
2	rs71446452	12381410	12381410
2	rs75962506	12382164	12382164
2	rs74626865	12382724	12382724
2	rs80240296	12383414	12383414
2	rs11694156	12384394	12384394
2	rs9784051	12384461	12384461
2	rs375184665	12384502	12384502
2	rs11682614	12384547	12384547
2	rs374887660	12384677	12384677
2	rs74412109	12384795	12384795
2	rs12623335	12384815	12384815
2	rs10172126	12386216	12386216
2	rs16822335	12386337	12386337
2	rs962646	12387260	12387260
2	rs73198235	12387281	12387281
2	rs12992291	12387305	12387305
2	rs1157516	12388519	12388519
2	rs76086521	12389274	12389274
2	rs535120806	12392931	12392931
2	rs1032483798	12393878	12393878
2	rs10188351	12394412	12394412
2	rs6754435	12396722	12396722
2	rs10803746	12397133	12397133
2	rs74337672	12397573	12397573
2	rs6722411	12399782	12399782
2	rs2034679	12399812	12399812
2	rs62117078	12400013	12400013
2	rs116201230	12400569	12400569
2	rs10192295	12404849	12404849
2	rs1840184	12406345	12406345
2	rs116482421	12407669	12407669
2	rs9287744	12407853	12407853
2	rs75534616	12408146	12408146
2	rs183715428	12408157	12408157
2	rs116706649	12408911	12408911
2	rs11693100	12409411	12409411
2	rs10169880	12410454	12410454
2	rs187618441	12410839	12410839
2	rs1453498	12411563	12411563
2	rs865875571	12411656	12411656
2	rs11903995	12411666	12411666
2	rs112983409	12411970	12411970
2	rs116420724	12416029	12416029
2	rs79759954	12416256	12416256
2	rs7596825	12416760	12416760
2	rs6432274	12416858	12416858
2	rs187150586	12417123	12417123
2	rs6432275	12418532	12418532
2	rs75075185	12419924	12419924
2	rs955182089	12419999	12419999
2	rs62113706	12421855	12421855
2	rs537136695	12422667	12422667
2	rs542987102	12422723	12422723
2	rs114115677	12424305	12424305
2	rs150361423	12424746	12424746
2	rs73190029	12425676	12425676
2	rs28537155	12427099	12427099
2	rs73190031	12427346	12427346
2	rs75106082	12429502	12429502
2	rs2118519	12430342	12430342
2	rs144736657	12431375	12431375
2	rs71446454	12431557	12431557
2	rs1992190	12432642	12432642
2	rs7572272	12433069	12433069
2	rs13432698	12433478	12433478
2	rs4669836	12433491	12433491
2	rs4669837	12433534	12433534
2	rs6761842	12434250	12434250
2	rs6710595	12434358	12434358
2	rs965036901	12435275	12435275
2	rs6711717	12435460	12435460
2	rs7603196	12436301	12436301
2	rs930773	12436550	12436550
2	rs116177332	12439108	12439108
2	rs1869383	12439284	12439284
2	rs111345776	12441768	12441768
2	rs17463173	12442189	12442189
2	rs1031455	12442537	12442537
2	rs1375680959	12444627	12444627
2	rs921643	12444776	12444776
2	rs13406285	12445863	12445863
2	rs2890412	12447033	12447033
2	rs62114791	12448062	12448062
2	rs1530048	12448181	12448181
2	rs16858628	12449224	12449224
2	rs13029857	12450117	12450117
2	rs4669840	12450215	12450215
2	rs73193937	12450405	12450405
2	rs17509739	12450473	12450473
2	rs1002296	12450707	12450707
2	rs1453489	12451543	12451543
2	rs1453490	12451586	12451586
2	rs2118513	12452465	12452465
2	rs115260015	12452979	12452979
2	rs114907516	12453076	12453076
2	rs4641910	12453106	12453106
2	rs77706665	12453248	12453248
2	rs4638761	12453301	12453301
2	rs4549057	12453395	12453395
2	rs1551294	12453530	12453530
2	rs1366239560	12454315	12454315
2	rs13407454	12454324	12454324
2	rs375066768	12455648	12455648
2	rs12463456	12456170	12456170
2	rs10176920	12456184	12456184
2	rs10929801	12456884	12456884
2	rs10929802	12457088	12457088
2	rs6432277	12457359	12457359
2	rs4669841	12457784	12457784
2	rs12470082	12458780	12458780
2	rs1034380038	12459652	12459652
2	rs115270360	12461259	12461259
2	rs6720317	12461716	12461716
2	rs62114795	12465337	12465337
2	rs77567078	12466940	12466940
2	rs1530980	12468584	12468584
2	rs11683737	12468784	12468784
2	rs78451406	12469647	12469647
2	rs4668755	12470912	12470912
2	rs59580391	12471634	12471634
2	rs56275154	12471731	12471731
2	rs372555655	12472820	12472820
2	rs957357108	12474588	12474588
2	rs10929803	12475153	12475153
2	rs12692476	12475387	12475387
2	rs6753236	12475512	12475512
2	rs17464067	12476792	12476792
2	rs573139348	12477379	12477379
2	rs6723534	12479018	12479018
2	rs6432279	12480360	12480360
2	rs6432280	12480399	12480399
2	rs6432281	12480605	12480605
2	rs6432282	12480619	12480619
2	rs6432283	12480636	12480636
2	rs10929805	12480689	12480689
2	rs185622381	12480764	12480764
2	rs6717093	12481154	12481154
2	rs373938397	12481169	12481169
2	rs6734837	12481184	12481184
2	rs932404074	12481270	12481270
2	rs10196825	12481642	12481642
2	rs1453502	12484799	12484799
2	rs1453501	12484847	12484847
2	rs76016914	12484858	12484858
2	rs6432284	12485992	12485992
2	rs7423428	12487575	12487575
2	rs1453499	12487889	12487889
2	rs553898904	12488160	12488160
2	rs1184421528	12491369	12491369
2	rs552864272	12491537	12491537
2	rs76649208	12492431	12492431
2	rs13402649	12493050	12493050
2	rs10198035	12494419	12494419
2	rs1551292	12494818	12494818
2	rs4271745	12495410	12495410
2	rs4398245	12495643	12495643
2	rs62115660	12496312	12496312
2	rs77169025	12496964	12496964
2	rs10190162	12497186	12497186
2	rs7605125	12497803	12497803
2	rs10171056	12498701	12498701
2	rs10171059	12498705	12498705
2	rs80253972	12499676	12499676
2	rs10197341	12499732	12499732
2	rs10197439	12499823	12499823
2	rs61564667	12501267	12501267
2	rs13412837	12501404	12501404
2	rs4144314	12502388	12502388
2	rs1377542	12502844	12502844
2	rs1377540	12502914	12502914
2	rs6705743	12503190	12503190
2	rs76527147	12503373	12503373
2	rs189778019	12503639	12503639
2	rs10208372	12504994	12504994
2	rs13387823	12505354	12505354
2	rs186360501	12506201	12506201
2	rs1377539	12506616	12506616
2	rs6761119	12507441	12507441
2	rs867835731	12507798	12507798
2	rs80183988	12508836	12508836
2	rs1453491	12508844	12508844
2	rs6708491	12509020	12509020
2	rs7577568	12509991	12509991
2	rs1597984	12510536	12510536
2	rs13413502	12510794	12510794
2	rs12692477	12511621	12511621
2	rs11690119	12511957	12511957
2	rs11696029	12512018	12512018
2	rs1898598	12512591	12512591
2	rs1898599	12512708	12512708
2	rs1898600	12513034	12513034
2	rs73195744	12513368	12513368
2	rs11678162	12514412	12514412
2	rs2083164	12514998	12514998
2	rs2890414	12515246	12515246
2	rs140190041	12516351	12516351
2	rs1898602	12518045	12518045
2	rs13387418	12518112	12518112
2	rs7577200	12518484	12518484
2	rs4560085	12518489	12518489
2	rs188945282	12519691	12519691
2	rs573277579	12519712	12519712
2	rs114680775	12519845	12519845
2	rs2118510	12520181	12520181
2	rs2118511	12520250	12520250
2	rs60689822	12520356	12520356
2	rs16858789	12521405	12521405
2	rs6432287	12521566	12521566
2	rs149867273	12521930	12521930
2	rs113379955	12522537	12522537
2	rs75698520	12523284	12523284
2	rs34260221	12523416	12523416
2	rs7600000	12525413	12525413
2	rs6738906	12527254	12527254
2	rs77547618	12527895	12527895
2	rs78996683	12529870	12529870
2	rs114857552	12530012	12530012
2	rs376546267	12531167	12531167
2	rs7567107	12531841	12531841
2	rs62115715	12531863	12531863
2	rs17465169	12532533	12532533
2	rs745738185	12536011	12536011
2	rs138419208	12538661	12538661
2	rs1044259584	12538814	12538814
2	rs35845577	12540647	12540647
2	rs531317201	12545396	12545396
2	rs115695760	12546230	12546230
2	rs1918735	12546256	12546256
2	rs72775918	12547793	12547793
2	rs1358427	12553449	12553449
2	rs558808573	12555839	12555839
2	rs4668761	12561059	12561059
2	rs10929807	12561538	12561538
2	rs540511358	12562237	12562237
2	rs11689808	12562408	12562408
2	rs181036680	12562480	12562480
2	rs4668764	12562735	12562735
2	rs544854726	12562854	12562854
2	rs11685890	12564292	12564292
2	rs12990104	12564429	12564429
2	rs148427549	12566307	12566307
2	rs11680047	12566495	12566495
2	rs10189445	12567444	12567444
2	rs7572824	12568122	12568122
2	rs62115720	12568317	12568317
2	rs16858854	12568903	12568903
2	rs74715517	12569205	12569205
2	rs6739689	12569612	12569612
2	rs13401913	12572088	12572088
2	rs16858872	12577506	12577506
2	rs12475558	12578424	12578424
2	rs12478309	12578443	12578443
2	rs2118515	12578683	12578683
2	rs144654680	12582267	12582267
2	rs151334748	12583822	12583822
2	rs17464727	12584767	12584767
2	rs868769491	12585479	12585479
2	rs17367549	12586240	12586240
2	rs16858915	12586449	12586449
2	rs111240854	12587002	12587002
2	rs2049676	12593645	12593645
2	rs6432291	12594312	12594312
2	rs6432292	12598177	12598177
2	rs1022717818	12598497	12598497
2	rs868472190	12599072	12599072
2	rs192251871	12599088	12599088
2	rs35882238	12601013	12601013
2	rs143187218	12601170	12601170
2	rs7578262	12601999	12601999
2	rs114870653	12603700	12603700
2	rs4669851	12604003	12604003
2	rs189435888	12604781	12604781
2	rs573330373	12604893	12604893
2	rs140381673	12605387	12605387
2	rs6432297	12605527	12605527
2	rs6432298	12605568	12605568
2	rs12052996	12606015	12606015
2	rs75765640	12606381	12606381
2	rs1918734	12607243	12607243
2	rs145779437	12608325	12608325
2	rs76396907	12610259	12610259
2	rs528075615	12611357	12611357
2	rs183360368	12611824	12611824
2	rs10803747	12612438	12612438
2	rs6432299	12613280	12613280
2	rs62125139	12613572	12613572
2	rs2083165	12613789	12613789
2	rs12151524	12614118	12614118
2	rs2164875	12615136	12615136
2	rs374070912	12616552	12616552
2	rs12614629	12618070	12618070
2	rs79107939	12618510	12618510
2	rs112929698	12618577	12618577
2	rs6432301	12619855	12619855
2	rs145959668	12621271	12621271
2	rs13010825	12621365	12621365
2	rs13030247	12623502	12623502
2	rs151125778	12624027	12624027
2	rs370723214	12624311	12624311
2	rs4377309	12625491	12625491
2	rs11679693	12625997	12625997
2	rs1569119	12626176	12626176
2	rs138039593	12627704	12627704
2	rs13391121	12629274	12629274
2	rs16858974	12629882	12629882
2	rs2380438	12631883	12631883
2	rs370963215	12633794	12633794
2	rs11901950	12635695	12635695
2	rs6709385	12635743	12635743
2	rs34379959	12637503	12637503
2	rs972059896	12641879	12641879
2	rs528593824	12642767	12642767
2	rs1534429	12644323	12644323
2	rs16858992	12644429	12644429
2	rs76392210	12644583	12644583
2	rs115839601	12645123	12645123
2	rs140553086	12646107	12646107
2	rs543087730	12649204	12649204
2	rs115831487	12650183	12650183
2	rs149799997	12650915	12650915
2	rs11678949	12651075	12651075
2	rs556146336	12651170	12651170
2	rs62126674	12651481	12651481
2	rs11904698	12651822	12651822
2	rs55704858	12652001	12652001
2	rs141627013	12652158	12652158
2	rs890197396	12652252	12652252
2	rs12616134	12652436	12652436
2	rs72777760	12653176	12653176
2	rs11891824	12653548	12653548
2	rs75183568	12655076	12655076
2	rs2030964	12655965	12655965
2	rs577523411	12657250	12657250
2	rs7590406	12658033	12658033
2	rs28684665	12658632	12658632
2	rs12472620	12661344	12661344
2	rs184032668	12666235	12666235
2	rs868703550	12667867	12667867
2	rs779929	12670419	12670419
2	rs779931	12671325	12671325
2	rs1715214	12672919	12672919
2	rs779923	12676045	12676045
2	rs779925	12677035	12677035
2	rs16859057	12677112	12677112
2	rs114016872	12678133	12678133
2	rs1487611999	12679241	12679241
2	rs149349743	12680118	12680118
2	rs76619594	12680472	12680472
2	rs6745155	12681390	12681390
2	rs10209317	12681907	12681907
2	rs111598157	12683047	12683047
2	rs537174406	12684392	12684392
2	rs73193419	12684532	12684532
2	rs148579680	12686021	12686021
2	rs6731213	12686386	12686386
2	rs13426505	12686423	12686423
2	rs6716755	12686700	12686700
2	rs11898082	12686978	12686978
2	rs185158129	12688341	12688341
2	rs79209494	12688579	12688579
2	rs10178740	12688994	12688994
2	rs76615073	12690779	12690779
2	rs537343309	12691285	12691285
2	rs11892400	12693172	12693172
2	rs80020091	12693774	12693774
2	rs114820585	12693775	12693775
2	rs573104092	12694383	12694383
2	rs115269339	12697743	12697743
2	rs140421003	12698183	12698183
2	rs111807016	12698780	12698780
2	rs533132291	12698837	12698837
2	rs10186881	12699621	12699621
2	rs150753502	12699845	12699845
2	rs114521856	12700805	12700805
2	rs10178953	12701736	12701736
2	rs13425896	12702614	12702614
2	rs192660767	12708816	12708816
2	rs778819910	12708837	12708837
2	rs577746598	12710157	12710157
2	rs7590567	12710697	12710697
2	rs111590502	12711233	12711233
2	rs542312120	12711503	12711503
2	rs180699005	12712184	12712184
2	rs559426286	12714275	12714275
2	rs138450345	12714644	12714644
2	rs772052862	12717817	12717817
2	rs113325204	12719814	12719814
2	rs7596104	12720668	12720668
2	rs918391130	12721308	12721308
2	rs77478461	12721633	12721633
2	rs9973329	12722018	12722018
2	rs1045608621	12722593	12722593
2	rs75181288	12722791	12722791
2	rs78487317	12723736	12723736
2	rs13403780	12723972	12723972
2	rs115098638	12724771	12724771
2	rs1328936501	12727417	12727417
2	rs4668771	12727616	12727616
2	rs4538172	12728266	12728266
2	rs11689528	12730378	12730378
2	rs114579755	12730573	12730573
2	rs113649340	12734108	12734108
2	rs13432561	12734263	12734263
2	rs78228883	12734437	12734437
2	rs6432317	12735339	12735339
2	rs550566532	12735732	12735732
2	rs114282291	12737362	12737362
2	rs2139380	12741369	12741369
2	rs115297087	12742186	12742186
2	rs6432319	12743711	12743711
2	rs7609504	12743932	12743932
2	rs146414743	12744619	12744619
2	rs871535	12746690	12746690
2	rs72779637	12747318	12747318
2	rs72779638	12748456	12748456
2	rs114136317	12749521	12749521
2	rs79981783	12750901	12750901
2	rs115036629	12752383	12752383
2	rs150624107	12752413	12752413
2	rs78573029	12753677	12753677
2	rs537562141	12755794	12755794
2	rs883804	12755908	12755908
2	rs7557890	12756755	12756755
2	rs924894107	12757004	12757004
2	rs533913581	12757338	12757338
2	rs181376711	12757935	12757935
2	rs78807745	12758620	12758620
2	rs115684502	12759105	12759105
2	rs72779646	12759265	12759265
2	rs181251262	12761169	12761169
2	rs150226882	12761323	12761323
2	rs147131705	12764067	12764067
2	rs11900869	12764164	12764164
2	rs114725230	12765256	12765256
2	rs78624260	12765719	12765719
2	rs13394002	12766247	12766247
2	rs538107412	12766554	12766554
2	rs1022112474	12768548	12768548
2	rs55723502	12769143	12769143
2	rs184717452	12771347	12771347
2	rs115518670	12772111	12772111
2	rs6742124	12774260	12774260
2	rs150845351	12774648	12774648
2	rs13420636	12774713	12774713
2	rs72779655	12774803	12774803
2	rs6745733	12774939	12774939
2	rs4669867	12775120	12775120
2	rs13395621	12776708	12776708
2	rs533499194	12777113	12777113
2	rs182766366	12777255	12777255
2	rs6712955	12781030	12781030
2	rs7583782	12781435	12781435
2	rs148277199	12781850	12781850
2	rs146449261	12783822	12783822
2	rs623235	12784221	12784221
2	rs79051020	12784609	12784609
2	rs6730382	12786753	12786753
2	rs6715697	12786904	12786904
2	rs56175057	12787130	12787130
2	rs11897979	12787819	12787819
2	rs476805	12787968	12787968
2	rs61289191	12789311	12789311
2	rs79662821	12790916	12790916
2	rs6732184	12791046	12791046
2	rs76831509	12792814	12792814
2	rs78808468	12792865	12792865
2	rs76498577	12793290	12793290
2	rs113453091	12795125	12795125
2	rs72779695	12797853	12797853
2	rs11891592	12798462	12798462
2	rs140503926	12798481	12798481
2	rs757943138	12798713	12798713
2	rs114507683	12799654	12799654
2	rs78670178	12801559	12801559
2	rs537254301	12802047	12802047
2	rs6758618	12802516	12802516
2	rs17390622	12804436	12804436
2	rs10514648	12805163	12805163
2	rs16859252	12805213	12805213
2	rs73199118	12805455	12805455
2	rs2380442	12805829	12805829
2	rs1424090989	12805964	12805964
2	rs75993888	12806016	12806016
2	rs77383398	12808923	12808923
2	rs146778132	12809119	12809119
2	rs62124709	12809343	12809343
2	rs115455640	12810344	12810344
2	rs16859265	12811953	12811953
2	rs35345429	12813640	12813640
2	rs144846051	12814306	12814306
2	rs111691168	12814375	12814375
2	rs141871459	12814832	12814832
2	rs12464026	12818278	12818278
2	rs72781546	12819905	12819905
2	rs2004818	12820382	12820382
2	rs143533225	12820450	12820450
2	rs1808468	12821609	12821609
2	rs111339870	12825928	12825928
2	rs654004	12827258	12827258
2	rs624895	12829246	12829246
2	rs939852899	12829927	12829927
2	rs75567879	12831770	12831770
2	rs372886552	12832459	12832459
2	rs62124723	12833884	12833884
2	rs11897306	12837625	12837625
2	rs369968744	12839888	12839888
2	rs78683956	12840048	12840048
2	rs79231705	12841192	12841192
2	rs186081107	12843082	12843082
2	rs75966240	12843661	12843661
2	rs548901173	12848669	12848669
2	rs946906843	12848950	12848950
2	rs78986177	12859983	12859983
2	rs182200052	12861104	12861104
2	rs543265390	12862372	12862372
2	rs13412894	12862475	12862475
2	rs145543992	12863688	12863688
2	rs77337896	12864748	12864748
2	rs192132798	12865150	12865150
2	rs7569039	12867992	12867992
2	rs79600925	12869661	12869661
2	rs13408093	12871192	12871192
2	rs186878710	12871797	12871797
2	rs189533836	12872657	12872657
2	rs183202020	12877166	12877166
2	rs7604252	12877609	12877609
2	rs62126066	12878329	12878329
2	rs192837096	12879005	12879005
2	rs184462424	12879118	12879118
2	rs7607228	12883821	12883821
2	rs6717278	12884066	12884066
2	rs1009169623	12885075	12885075
2	rs6737692	12885584	12885584
2	rs143988187	12888120	12888120
2	rs80142059	12888325	12888325
2	rs10173916	12888661	12888661
2	rs191437357	12889692	12889692
2	rs150644471	12889740	12889740
2	rs7596623	12890650	12890650
2	rs2059428	12892929	12892929
2	rs150151189	12893400	12893400
2	rs2194725	12895242	12895242
2	rs6432325	12896581	12896581
2	rs4669869	12898460	12898460
2	rs11885697	12899033	12899033
2	rs186405766	12900434	12900434
2	rs181771146	12900531	12900531
2	rs10191541	12901718	12901718
2	rs10199666	12901719	12901719
2	rs532076950	12901740	12901740
2	rs141062100	12901798	12901798
2	rs150516708	12901986	12901986
2	rs115760678	12904320	12904320
2	rs184487057	12904767	12904767
2	rs189806044	12904907	12904907
2	rs777665492	12905258	12905258
2	rs77177751	12905843	12905843
2	rs59835667	12906631	12906631
2	rs116384627	12906895	12906895
2	rs145974664	12911470	12911470
2	rs116264527	12913523	12913523
2	rs868754343	12913921	12913921
2	rs983161862	12914723	12914723
2	rs4669874	12915120	12915120
2	rs7590809	12916653	12916653
2	rs115275841	12916677	12916677
2	rs370418501	12919666	12919666
2	rs116654529	12921265	12921265
2	rs13016630	12922456	12922456
2	rs774750664	12925199	12925199
2	rs531721404	12926303	12926303
2	rs180776025	12926672	12926672
2	rs115717614	12927146	12927146
2	rs372691667	12928200	12928200
2	rs574998109	12930408	12930408
2	rs115541414	12931179	12931179
2	rs12619613	12933156	12933156
2	rs542357347	12938334	12938334
2	rs187423178	12938720	12938720
2	rs7580835	12938819	12938819
2	rs180818403	12941765	12941765
2	rs80102006	12942975	12942975
2	rs184023879	12944142	12944142
2	rs572070289	12945348	12945348
2	rs780278348	12947605	12947605
2	rs12328029	12949319	12949319
2	rs115209181	12949469	12949469
