12,75925947,78925946
12,76925947,79925946
12,77925947,80925946
12,78925947,81925946
12,79925947,82925946
12,80925947,83925946
12,81925947,84925946
12,82925947,85925946
12,83925947,86925946
12,84925947,87925946
12,85925947,88925946
12,86925947,89925946
12,87925947,90925946
12,88925947,91925946
12,89925947,92925946
12,90925947,93925946
12,91925947,94925946
12,92925947,95925946
12,93925947,96925946
12,94925947,97925946
12,95925947,98925946
12,96925947,99925946
12,97925947,100925946
12,98925947,101925946
12,99925947,102925946
12,100925947,103925946
12,101925947,104925946
12,102925947,105925946
12,103925947,106925946
12,104925947,107925946
12,105925947,108925946
12,106925947,109925946
12,107925947,110925946
12,108925947,111925946
12,109925947,112925946
12,110925947,113925946
12,111925947,114925946
12,112925947,115925946
12,113925947,116925946
12,114925947,117925946
12,115925947,118925946
12,116925947,119925946
12,117925947,120925946
12,118925947,121925946
12,119925947,122925946
12,120925947,123925946
12,121925947,124925946
12,122925947,125925946
12,123925947,126925946
12,124925947,127925946
12,125925947,128925946
12,126925947,129925946
12,127925947,130925946
12,128925947,131925946
12,129925947,132925946
13,584939,3584938
13,1584939,4584938
13,2584939,5584938
13,3584939,6584938
13,4584939,7584938
13,5584939,8584938
13,6584939,9584938
13,7584939,10584938
13,8584939,11584938
13,9584939,12584938
13,10584939,13584938
13,11584939,14584938
13,12584939,15584938
13,13584939,16584938
13,14584939,17584938
13,15584939,18584938
13,16584939,19584938
13,17584939,20584938
13,18584939,21584938
13,19584939,22584938
13,20584939,23584938
13,21584939,24584938
13,22584939,25584938
13,23584939,26584938
13,24584939,27584938
13,25584939,28584938
13,26584939,29584938
13,27584939,30584938
13,28584939,31584938
13,29584939,32584938
13,30584939,33584938
13,31584939,34584938
13,32584939,35584938
13,33584939,36584938
13,34584939,37584938
13,35584939,38584938
13,36584939,39584938
13,37584939,40584938
13,38584939,41584938
13,39584939,42584938
13,40584939,43584938
13,41584939,44584938
13,42584939,45584938
13,43584939,46584938
13,44584939,47584938
13,45584939,48584938
13,46584939,49584938
13,47584939,50584938
13,48584939,51584938
13,49584939,52584938
13,50584939,53584938
13,51584939,54584938
13,52584939,55584938
13,53584939,56584938
13,54584939,57584938
13,55584939,58584938
13,56584939,59584938
13,57584939,60584938
13,58584939,61584938
13,59584939,62584938
13,60584939,63584938
13,61584939,64584938
13,62584939,65584938
13,63584939,66584938
13,64584939,67584938
13,65584939,68584938
13,66584939,69584938
13,67584939,70584938
13,68584939,71584938
13,69584939,72584938
13,70584939,73584938
13,71584939,74584938
13,72584939,75584938
13,73584939,76584938
13,74584939,77584938
13,75584939,78584938
13,76584939,79584938
13,77584939,80584938
13,78584939,81584938
13,79584939,82584938
13,80584939,83584938
13,81584939,84584938
13,82584939,85584938
13,83584939,86584938
13,84584939,87584938
13,85584939,88584938
13,86584939,89584938
13,87584939,90584938
13,88584939,91584938
13,89584939,92584938
13,90584939,93584938
13,91584939,94584938
13,92584939,95584938
13,93584939,96584938
13,94584939,97584938
13,95584939,98584938
13,96584939,99584938
13,97584939,100584938
13,98584939,101584938
13,99584939,102584938
13,100584939,103584938
13,101584939,104584938
13,102584939,105584938
13,103584939,106584938
13,104584939,107584938
13,105584939,108584938
13,106584939,109584938
13,107584939,110584938
13,108584939,111584938
13,109584939,112584938
13,110584939,113584938
13,111584939,114584938
14,1174770,4174769
14,2174770,5174769
14,3174770,6174769
14,4174770,7174769
14,5174770,8174769
14,6174770,9174769
14,7174770,10174769
14,8174770,11174769
14,9174770,12174769
14,10174770,13174769
14,11174770,14174769
14,12174770,15174769
14,13174770,16174769
14,14174770,17174769
14,15174770,18174769
14,16174770,19174769
14,17174770,20174769
14,18174770,21174769
14,19174770,22174769
14,20174770,23174769
14,21174770,24174769
14,22174770,25174769
14,23174770,26174769
14,24174770,27174769
14,25174770,28174769
14,26174770,29174769
14,27174770,30174769
14,28174770,31174769
14,29174770,32174769
14,30174770,33174769
14,31174770,34174769
14,32174770,35174769
14,33174770,36174769
14,34174770,37174769
14,35174770,38174769
14,36174770,39174769
14,37174770,40174769
14,38174770,41174769
14,39174770,42174769
14,40174770,43174769
14,41174770,44174769
14,42174770,45174769
14,43174770,46174769
14,44174770,47174769
14,45174770,48174769
14,46174770,49174769
14,47174770,50174769
14,48174770,51174769
14,49174770,52174769
14,50174770,53174769
14,51174770,54174769
14,52174770,55174769
14,53174770,56174769
14,54174770,57174769
14,55174770,58174769
14,56174770,59174769
14,57174770,60174769
14,58174770,61174769
14,59174770,62174769
14,60174770,63174769
14,61174770,64174769
14,62174770,65174769
14,63174770,66174769
14,64174770,67174769
14,65174770,68174769
14,66174770,69174769
14,67174770,70174769
14,68174770,71174769
14,69174770,72174769
14,70174770,73174769
14,71174770,74174769
14,72174770,75174769
14,73174770,76174769
14,74174770,77174769
14,75174770,78174769
14,76174770,79174769
14,77174770,80174769
14,78174770,81174769
14,79174770,82174769
14,80174770,83174769
14,81174770,84174769
14,82174770,85174769
14,83174770,86174769
14,84174770,87174769
14,85174770,88174769
14,86174770,89174769
14,87174770,90174769
14,88174770,91174769
14,89174770,92174769
14,90174770,93174769
14,91174770,94174769
14,92174770,95174769
14,93174770,96174769
14,94174770,97174769
14,95174770,98174769
14,96174770,99174769
14,97174770,100174769
14,98174770,101174769
14,99174770,102174769
14,100174770,103174769
14,101174770,104174769
14,102174770,105174769
14,103174770,106174769
14,104174770,107174769
15,265696,3265695
15,1265696,4265695
15,2265696,5265695
15,3265696,6265695
15,4265696,7265695
15,5265696,8265695
15,6265696,9265695
15,7265696,10265695
15,8265696,11265695
15,9265696,12265695
15,10265696,13265695
15,11265696,14265695
15,12265696,15265695
15,13265696,16265695
15,14265696,17265695
15,15265696,18265695
15,16265696,19265695
15,17265696,20265695
15,18265696,21265695
15,19265696,22265695
15,20265696,23265695
15,21265696,24265695
15,22265696,25265695
15,23265696,26265695
15,24265696,27265695
15,25265696,28265695
15,26265696,29265695
15,27265696,30265695
15,28265696,31265695
15,29265696,32265695
15,30265696,33265695
15,31265696,34265695
15,32265696,35265695
15,33265696,36265695
15,34265696,37265695
15,35265696,38265695
15,36265696,39265695
15,37265696,40265695
15,38265696,41265695
15,39265696,42265695
15,40265696,43265695
15,41265696,44265695
15,42265696,45265695
15,43265696,46265695
15,44265696,47265695
15,45265696,48265695
15,46265696,49265695
15,47265696,50265695
15,48265696,51265695
15,49265696,52265695
15,50265696,53265695
15,51265696,54265695
15,52265696,55265695
15,53265696,56265695
15,54265696,57265695
15,55265696,58265695
15,56265696,59265695
15,57265696,60265695
15,58265696,61265695
15,59265696,62265695
15,60265696,63265695
15,61265696,64265695
15,62265696,65265695
15,63265696,66265695
15,64265696,67265695
15,65265696,68265695
15,66265696,69265695
15,67265696,70265695
15,68265696,71265695
15,69265696,72265695
15,70265696,73265695
15,71265696,74265695
15,72265696,75265695
15,73265696,76265695
15,74265696,77265695
15,75265696,78265695
15,76265696,79265695
15,77265696,80265695
15,78265696,81265695
15,79265696,82265695
15,80265696,83265695
15,81265696,84265695
15,82265696,85265695
15,83265696,86265695
15,84265696,87265695
15,85265696,88265695
15,86265696,89265695
15,87265696,90265695
15,88265696,91265695
15,89265696,92265695
15,90265696,93265695
15,91265696,94265695
15,92265696,95265695
15,93265696,96265695
15,94265696,97265695
15,95265696,98265695
15,96265696,99265695
15,97265696,100265695
15,98265696,101265695
15,99265696,102265695
16,177376,3177375
16,1177376,4177375
16,2177376,5177375
16,3177376,6177375
16,4177376,7177375
16,5177376,8177375
16,6177376,9177375
16,7177376,10177375
16,8177376,11177375
16,9177376,12177375
16,10177376,13177375
16,11177376,14177375
16,12177376,15177375
16,13177376,16177375
16,14177376,17177375
16,15177376,18177375
16,16177376,19177375
16,17177376,20177375
16,18177376,21177375
16,19177376,22177375
16,20177376,23177375
16,21177376,24177375
16,22177376,25177375
16,23177376,26177375
16,24177376,27177375
16,25177376,28177375
16,26177376,29177375
16,27177376,30177375
16,28177376,31177375
16,29177376,32177375
16,30177376,33177375
16,31177376,34177375
16,32177376,35177375
16,33177376,36177375
16,34177376,37177375
16,35177376,38177375
16,36177376,39177375
16,37177376,40177375
16,38177376,41177375
16,39177376,42177375
16,40177376,43177375
16,41177376,44177375
16,42177376,45177375
16,43177376,46177375
16,44177376,47177375
16,45177376,48177375
16,46177376,49177375
16,47177376,50177375
16,48177376,51177375
16,49177376,52177375
16,50177376,53177375
16,51177376,54177375
16,52177376,55177375
16,53177376,56177375
16,54177376,57177375
16,55177376,58177375
16,56177376,59177375
16,57177376,60177375
16,58177376,61177375
16,59177376,62177375
16,60177376,63177375
16,61177376,64177375
16,62177376,65177375
16,63177376,66177375
16,64177376,67177375
16,65177376,68177375
16,66177376,69177375
16,67177376,70177375
16,68177376,71177375
16,69177376,72177375
16,70177376,73177375
16,71177376,74177375
16,72177376,75177375
16,73177376,76177375
16,74177376,77177375
16,75177376,78177375
16,76177376,79177375
16,77177376,80177375
16,78177376,81177375
16,79177376,82177375
16,80177376,83177375
16,81177376,84177375
16,82177376,85177375
16,83177376,86177375
16,84177376,87177375
16,85177376,88177375
16,86177376,89177375
16,87177376,90177375
17,97605,3097604
17,1097605,4097604
17,2097605,5097604
17,3097605,6097604
17,4097605,7097604
17,5097605,8097604
17,6097605,9097604
17,7097605,10097604
17,8097605,11097604
17,9097605,12097604
17,10097605,13097604
17,11097605,14097604
17,12097605,15097604
17,13097605,16097604
17,14097605,17097604
17,15097605,18097604
17,16097605,19097604
17,17097605,20097604
17,18097605,21097604
17,19097605,22097604
17,20097605,23097604
17,21097605,24097604
17,22097605,25097604
17,23097605,26097604
17,24097605,27097604
17,25097605,28097604
17,26097605,29097604
17,27097605,30097604
17,28097605,31097604
17,29097605,32097604
17,30097605,33097604
17,31097605,34097604
17,32097605,35097604
17,33097605,36097604
17,34097605,37097604
17,35097605,38097604
17,36097605,39097604
17,37097605,40097604
17,38097605,41097604
17,39097605,42097604
17,40097605,43097604
17,41097605,44097604
17,42097605,45097604
17,43097605,46097604
17,44097605,47097604
17,45097605,48097604
17,46097605,49097604
17,47097605,50097604
17,48097605,51097604
17,49097605,52097604
17,50097605,53097604
17,51097605,54097604
17,52097605,55097604
17,53097605,56097604
17,54097605,57097604
17,55097605,58097604
17,56097605,59097604
17,57097605,60097604
17,58097605,61097604
17,59097605,62097604
17,60097605,63097604
17,61097605,64097604
17,62097605,65097604
17,63097605,66097604
17,64097605,67097604
17,65097605,68097604
17,66097605,69097604
17,67097605,70097604
17,68097605,71097604
17,69097605,72097604
17,70097605,73097604
17,71097605,74097604
17,72097605,75097604
17,73097605,76097604
17,74097605,77097604
17,75097605,78097604
17,76097605,79097604
17,77097605,80097604
17,78097605,81097604
18,38624,3038623
18,1038624,4038623
18,2038624,5038623
18,3038624,6038623
18,4038624,7038623
18,5038624,8038623
18,6038624,9038623
18,7038624,10038623
18,8038624,11038623
18,9038624,12038623
18,10038624,13038623
18,11038624,14038623
18,12038624,15038623
18,13038624,16038623
18,14038624,17038623
18,15038624,18038623
18,16038624,19038623
18,17038624,20038623
18,18038624,21038623
18,19038624,22038623
18,20038624,23038623
18,21038624,24038623
18,22038624,25038623
18,23038624,26038623
18,24038624,27038623
18,25038624,28038623
18,26038624,29038623
18,27038624,30038623
18,28038624,31038623
18,29038624,32038623
18,30038624,33038623
18,31038624,34038623
18,32038624,35038623
18,33038624,36038623
18,34038624,37038623
18,35038624,38038623
18,36038624,39038623
18,37038624,40038623
18,38038624,41038623
18,39038624,42038623
18,40038624,43038623
18,41038624,44038623
18,42038624,45038623
18,43038624,46038623
18,44038624,47038623
18,45038624,48038623
18,46038624,49038623
18,47038624,50038623
18,48038624,51038623
18,49038624,52038623
18,50038624,53038623
18,51038624,54038623
18,52038624,55038623
18,53038624,56038623
18,54038624,57038623
18,55038624,58038623
18,56038624,59038623
18,57038624,60038623
18,58038624,61038623
18,59038624,62038623
18,60038624,63038623
18,61038624,64038623
18,62038624,65038623
18,63038624,66038623
18,64038624,67038623
18,65038624,68038623
18,66038624,69038623
18,67038624,70038623
18,68038624,71038623
18,69038624,72038623
18,70038624,73038623
18,71038624,74038623
18,72038624,75038623
18,73038624,76038623
18,74038624,77038623
18,75038624,78038623
19,1064491,4064490
19,2064491,5064490
19,3064491,6064490
19,4064491,7064490
19,5064491,8064490
19,6064491,9064490
19,7064491,10064490
19,8064491,11064490
19,9064491,12064490
19,10064491,13064490
19,11064491,14064490
19,12064491,15064490
19,13064491,16064490
19,14064491,17064490
19,15064491,18064490
19,16064491,19064490
19,17064491,20064490
19,18064491,21064490
19,19064491,22064490
19,20064491,23064490
19,21064491,24064490
19,22064491,25064490
19,23064491,26064490
19,24064491,27064490
19,25064491,28064490
19,26064491,29064490
19,27064491,30064490
19,28064491,31064490
19,29064491,32064490
19,30064491,33064490
19,31064491,34064490
19,32064491,35064490
19,33064491,36064490
19,34064491,37064490
19,35064491,38064490
19,36064491,39064490
19,37064491,40064490
19,38064491,41064490
19,39064491,42064490
19,40064491,43064490
19,41064491,44064490
19,42064491,45064490
19,43064491,46064490
19,44064491,47064490
19,45064491,48064490
19,46064491,49064490
19,47064491,50064490
19,48064491,51064490
19,49064491,52064490
19,50064491,53064490
19,51064491,54064490
19,52064491,55064490
19,53064491,56064490
19,54064491,57064490
19,55064491,58064490
19,56064491,59064490
20,12760,3012759
20,1012760,4012759
20,2012760,5012759
20,3012760,6012759
20,4012760,7012759
20,5012760,8012759
20,6012760,9012759
20,7012760,10012759
20,8012760,11012759
20,9012760,12012759
20,10012760,13012759
20,11012760,14012759
20,12012760,15012759
20,13012760,16012759
20,14012760,17012759
20,15012760,18012759
20,16012760,19012759
20,17012760,20012759
20,18012760,21012759
20,19012760,22012759
20,20012760,23012759
20,21012760,24012759
20,22012760,25012759
20,23012760,26012759
20,24012760,27012759
20,25012760,28012759
20,26012760,29012759
20,27012760,30012759
20,28012760,31012759
20,29012760,32012759
20,30012760,33012759
20,31012760,34012759
20,32012760,35012759
20,33012760,36012759
20,34012760,37012759
20,35012760,38012759
20,36012760,39012759
20,37012760,40012759
20,38012760,41012759
20,39012760,42012759
20,40012760,43012759
20,41012760,44012759
20,42012760,45012759
20,43012760,46012759
20,44012760,47012759
20,45012760,48012759
20,46012760,49012759
20,47012760,50012759
20,48012760,51012759
20,49012760,52012759
20,50012760,53012759
20,51012760,54012759
20,52012760,55012759
20,53012760,56012759
20,54012760,57012759
20,55012760,58012759
20,56012760,59012759
20,57012760,60012759
20,58012760,61012759
20,59012760,62012759
20,60012760,63012759
21,64947,3064946
21,1064947,4064946
21,2064947,5064946
21,3064947,6064946
21,4064947,7064946
21,5064947,8064946
21,6064947,9064946
21,7064947,10064946
21,8064947,11064946
21,9064947,12064946
21,10064947,13064946
21,11064947,14064946
21,12064947,15064946
21,13064947,16064946
21,14064947,17064946
21,15064947,18064946
21,16064947,19064946
21,17064947,20064946
21,18064947,21064946
21,19064947,22064946
21,20064947,23064946
21,21064947,24064946
21,22064947,25064946
21,23064947,26064946
21,24064947,27064946
21,25064947,28064946
21,26064947,29064946
21,27064947,30064946
21,28064947,31064946
21,29064947,32064946
21,30064947,33064946
21,31064947,34064946
21,32064947,35064946
21,33064947,36064946
21,34064947,37064946
21,35064947,38064946
21,36064947,39064946
21,37064947,40064946
21,38064947,41064946
21,39064947,42064946
21,40064947,43064946
21,41064947,44064946
21,42064947,45064946
21,43064947,46064946
21,44064947,47064946
21,45064947,48064946
22,152283,3152282
22,1152283,4152282
22,2152283,5152282
22,3152283,6152282
22,4152283,7152282
22,5152283,8152282
22,6152283,9152282
22,7152283,10152282
22,8152283,11152282
22,9152283,12152282
22,10152283,13152282
22,11152283,14152282
22,12152283,15152282
22,13152283,16152282
22,14152283,17152282
22,15152283,18152282
22,16152283,19152282
22,17152283,20152282
22,18152283,21152282
22,19152283,22152282
22,20152283,23152282
22,21152283,24152282
22,22152283,25152282
22,23152283,26152282
22,24152283,27152282
22,25152283,28152282
22,26152283,29152282
22,27152283,30152282
22,28152283,31152282
22,29152283,32152282
22,30152283,33152282
22,31152283,34152282
22,32152283,35152282
22,33152283,36152282
22,34152283,37152282
22,35152283,38152282
22,36152283,39152282
22,37152283,40152282
22,38152283,41152282
22,39152283,42152282
22,40152283,43152282
22,41152283,44152282
22,42152283,45152282
22,43152283,46152282
22,44152283,47152282
22,45152283,48152282
22,46152283,49152282
22,47152283,50152282
22,48152283,51152282
