1,125310,3125309
1,1125310,4125309
1,2125310,5125309
1,3125310,6125309
1,4125310,7125309
1,5125310,8125309
1,6125310,9125309
1,7125310,10125309
1,8125310,11125309
1,9125310,12125309
1,10125310,13125309
1,11125310,14125309
1,12125310,15125309
1,13125310,16125309
1,14125310,17125309
1,15125310,18125309
1,16125310,19125309
1,17125310,20125309
1,18125310,21125309
1,19125310,22125309
1,20125310,23125309
1,21125310,24125309
1,22125310,25125309
1,23125310,26125309
1,24125310,27125309
1,25125310,28125309
1,26125310,29125309
1,27125310,30125309
1,28125310,31125309
1,29125310,32125309
1,30125310,33125309
1,31125310,34125309
1,32125310,35125309
1,33125310,36125309
1,34125310,37125309
1,35125310,38125309
1,36125310,39125309
1,37125310,40125309
1,38125310,41125309
1,39125310,42125309
1,40125310,43125309
1,41125310,44125309
1,42125310,45125309
1,43125310,46125309
1,44125310,47125309
1,45125310,48125309
1,46125310,49125309
1,47125310,50125309
1,48125310,51125309
1,49125310,52125309
1,50125310,53125309
1,51125310,54125309
1,52125310,55125309
1,53125310,56125309
1,54125310,57125309
1,55125310,58125309
1,56125310,59125309
1,57125310,60125309
1,58125310,61125309
1,59125310,62125309
1,60125310,63125309
1,61125310,64125309
1,62125310,65125309
1,63125310,66125309
1,64125310,67125309
1,65125310,68125309
1,66125310,69125309
1,67125310,70125309
1,68125310,71125309
1,69125310,72125309
1,70125310,73125309
1,71125310,74125309
1,72125310,75125309
1,73125310,76125309
1,74125310,77125309
1,75125310,78125309
1,76125310,79125309
1,77125310,80125309
1,78125310,81125309
1,79125310,82125309
1,80125310,83125309
1,81125310,84125309
1,82125310,85125309
1,83125310,86125309
1,84125310,87125309
1,85125310,88125309
1,86125310,89125309
1,87125310,90125309
1,88125310,91125309
1,89125310,92125309
1,90125310,93125309
1,91125310,94125309
1,92125310,95125309
1,93125310,96125309
1,94125310,97125309
1,95125310,98125309
1,96125310,99125309
1,97125310,100125309
1,98125310,101125309
1,99125310,102125309
1,100125310,103125309
1,101125310,104125309
1,102125310,105125309
1,103125310,106125309
1,104125310,107125309
1,105125310,108125309
1,106125310,109125309
1,107125310,110125309
1,108125310,111125309
1,109125310,112125309
1,110125310,113125309
1,111125310,114125309
1,112125310,115125309
1,113125310,116125309
1,114125310,117125309
1,115125310,118125309
1,116125310,119125309
1,117125310,120125309
1,118125310,121125309
1,119125310,122125309
1,120125310,123125309
1,121125310,124125309
1,122125310,125125309
1,123125310,126125309
1,124125310,127125309
1,125125310,128125309
1,126125310,129125309
1,127125310,130125309
1,128125310,131125309
1,129125310,132125309
1,130125310,133125309
1,131125310,134125309
1,132125310,135125309
1,133125310,136125309
1,134125310,137125309
1,135125310,138125309
1,136125310,139125309
1,137125310,140125309
1,138125310,141125309
1,139125310,142125309
1,140125310,143125309
1,141125310,144125309
1,142125310,145125309
1,143125310,146125309
1,144125310,147125309
1,145125310,148125309
1,146125310,149125309
1,147125310,150125309
1,148125310,151125309
1,149125310,152125309
1,150125310,153125309
1,151125310,154125309
1,152125310,155125309
1,153125310,156125309
1,154125310,157125309
1,155125310,158125309
1,156125310,159125309
1,157125310,160125309
1,158125310,161125309
1,159125310,162125309
1,160125310,163125309
1,161125310,164125309
1,162125310,165125309
1,163125310,166125309
1,164125310,167125309
1,165125310,168125309
1,166125310,169125309
1,167125310,170125309
1,168125310,171125309
1,169125310,172125309
1,170125310,173125309
1,171125310,174125309
1,172125310,175125309
1,173125310,176125309
1,174125310,177125309
1,175125310,178125309
1,176125310,179125309
1,177125310,180125309
1,178125310,181125309
1,179125310,182125309
1,180125310,183125309
1,181125310,184125309
1,182125310,185125309
1,183125310,186125309
1,184125310,187125309
1,185125310,188125309
1,186125310,189125309
1,187125310,190125309
1,188125310,191125309
1,189125310,192125309
1,190125310,193125309
1,191125310,194125309
1,192125310,195125309
1,193125310,196125309
1,194125310,197125309
1,195125310,198125309
1,196125310,199125309
1,197125310,200125309
1,198125310,201125309
1,199125310,202125309
1,200125310,203125309
1,201125310,204125309
1,202125310,205125309
1,203125310,206125309
1,204125310,207125309
1,205125310,208125309
1,206125310,209125309
1,207125310,210125309
1,208125310,211125309
1,209125310,212125309
1,210125310,213125309
1,211125310,214125309
1,212125310,215125309
1,213125310,216125309
1,214125310,217125309
1,215125310,218125309
1,216125310,219125309
1,217125310,220125309
1,218125310,221125309
1,219125310,222125309
1,220125310,223125309
1,221125310,224125309
1,222125310,225125309
1,223125310,226125309
1,224125310,227125309
1,225125310,228125309
1,226125310,229125309
1,227125310,230125309
1,228125310,231125309
1,229125310,232125309
1,230125310,233125309
1,231125310,234125309
1,232125310,235125309
1,233125310,236125309
1,234125310,237125309
1,235125310,238125309
1,236125310,239125309
1,237125310,240125309
1,238125310,241125309
1,239125310,242125309
1,240125310,243125309
1,241125310,244125309
1,242125310,245125309
1,243125310,246125309
1,244125310,247125309
1,245125310,248125309
1,246125310,249125309
2,99686,3099685
2,1099686,4099685
2,2099686,5099685
2,3099686,6099685
2,4099686,7099685
2,5099686,8099685
2,6099686,9099685
2,7099686,10099685
2,8099686,11099685
2,9099686,12099685
2,10099686,13099685
2,11099686,14099685
2,12099686,15099685
2,13099686,16099685
2,14099686,17099685
2,15099686,18099685
2,16099686,19099685
2,17099686,20099685
2,18099686,21099685
2,19099686,22099685
2,20099686,23099685
2,21099686,24099685
2,22099686,25099685
2,23099686,26099685
2,24099686,27099685
2,25099686,28099685
2,26099686,29099685
2,27099686,30099685
2,28099686,31099685
2,29099686,32099685
2,30099686,33099685
2,31099686,34099685
2,32099686,35099685
2,33099686,36099685
2,34099686,37099685
2,35099686,38099685
2,36099686,39099685
2,37099686,40099685
2,38099686,41099685
2,39099686,42099685
2,40099686,43099685
2,41099686,44099685
2,42099686,45099685
2,43099686,46099685
2,44099686,47099685
2,45099686,48099685
2,46099686,49099685
2,47099686,50099685
2,48099686,51099685
2,49099686,52099685
2,50099686,53099685
2,51099686,54099685
2,52099686,55099685
2,53099686,56099685
2,54099686,57099685
2,55099686,58099685
2,56099686,59099685
2,57099686,60099685
2,58099686,61099685
2,59099686,62099685
2,60099686,63099685
2,61099686,64099685
2,62099686,65099685
2,63099686,66099685
2,64099686,67099685
2,65099686,68099685
2,66099686,69099685
2,67099686,70099685
2,68099686,71099685
2,69099686,72099685
2,70099686,73099685
2,71099686,74099685
2,72099686,75099685
2,73099686,76099685
2,74099686,77099685
2,75099686,78099685
2,76099686,79099685
2,77099686,80099685
2,78099686,81099685
2,79099686,82099685
2,80099686,83099685
2,81099686,84099685
2,82099686,85099685
2,83099686,86099685
2,84099686,87099685
2,85099686,88099685
2,86099686,89099685
2,87099686,90099685
2,88099686,91099685
2,89099686,92099685
2,90099686,93099685
2,91099686,94099685
2,92099686,95099685
2,93099686,96099685
2,94099686,97099685
2,95099686,98099685
2,96099686,99099685
2,97099686,100099685
2,98099686,101099685
2,99099686,102099685
2,100099686,103099685
2,101099686,104099685
2,102099686,105099685
2,103099686,106099685
2,104099686,107099685
2,105099686,108099685
2,106099686,109099685
2,107099686,110099685
2,108099686,111099685
2,109099686,112099685
2,110099686,113099685
2,111099686,114099685
2,112099686,115099685
2,113099686,116099685
2,114099686,117099685
2,115099686,118099685
2,116099686,119099685
2,117099686,120099685
2,118099686,121099685
2,119099686,122099685
2,120099686,123099685
2,121099686,124099685
2,122099686,125099685
2,123099686,126099685
2,124099686,127099685
2,125099686,128099685
2,126099686,129099685
2,127099686,130099685
2,128099686,131099685
2,129099686,132099685
2,130099686,133099685
2,131099686,134099685
2,132099686,135099685
2,133099686,136099685
2,134099686,137099685
2,135099686,138099685
2,136099686,139099685
2,137099686,140099685
2,138099686,141099685
2,139099686,142099685
2,140099686,143099685
2,141099686,144099685
2,142099686,145099685
2,143099686,146099685
2,144099686,147099685
2,145099686,148099685
2,146099686,149099685
2,147099686,150099685
2,148099686,151099685
2,149099686,152099685
2,150099686,153099685
2,151099686,154099685
2,152099686,155099685
2,153099686,156099685
2,154099686,157099685
2,155099686,158099685
2,156099686,159099685
2,157099686,160099685
2,158099686,161099685
2,159099686,162099685
2,160099686,163099685
2,161099686,164099685
2,162099686,165099685
2,163099686,166099685
2,164099686,167099685
2,165099686,168099685
2,166099686,169099685
2,167099686,170099685
2,168099686,171099685
2,169099686,172099685
2,170099686,173099685
2,171099686,174099685
2,172099686,175099685
2,173099686,176099685
2,174099686,177099685
2,175099686,178099685
2,176099686,179099685
2,177099686,180099685
2,178099686,181099685
2,179099686,182099685
2,180099686,183099685
2,181099686,184099685
2,182099686,185099685
2,183099686,186099685
2,184099686,187099685
2,185099686,188099685
2,186099686,189099685
2,187099686,190099685
2,188099686,191099685
2,189099686,192099685
2,190099686,193099685
2,191099686,194099685
2,192099686,195099685
2,193099686,196099685
2,194099686,197099685
2,195099686,198099685
2,196099686,199099685
2,197099686,200099685
2,198099686,201099685
2,199099686,202099685
2,200099686,203099685
2,201099686,204099685
2,202099686,205099685
2,203099686,206099685
2,204099686,207099685
2,205099686,208099685
2,206099686,209099685
2,207099686,210099685
2,208099686,211099685
2,209099686,212099685
2,210099686,213099685
2,211099686,214099685
2,212099686,215099685
2,213099686,216099685
2,214099686,217099685
2,215099686,218099685
2,216099686,219099685
2,217099686,220099685
2,218099686,221099685
2,219099686,222099685
2,220099686,223099685
2,221099686,224099685
2,222099686,225099685
2,223099686,226099685
2,224099686,227099685
2,225099686,228099685
2,226099686,229099685
2,227099686,230099685
2,228099686,231099685
2,229099686,232099685
2,230099686,233099685
2,231099686,234099685
2,232099686,235099685
2,233099686,236099685
2,234099686,237099685
2,235099686,238099685
2,236099686,239099685
2,237099686,240099685
2,238099686,241099685
2,239099686,242099685
2,240099686,243099685
3,11215,3011214
3,1011215,4011214
3,2011215,5011214
3,3011215,6011214
3,4011215,7011214
3,5011215,8011214
3,6011215,9011214
3,7011215,10011214
3,8011215,11011214
3,9011215,12011214
3,10011215,13011214
3,11011215,14011214
3,12011215,15011214
3,13011215,16011214
3,14011215,17011214
3,15011215,18011214
3,16011215,19011214
3,17011215,20011214
3,18011215,21011214
3,19011215,22011214
3,20011215,23011214
3,21011215,24011214
3,22011215,25011214
3,23011215,26011214
3,24011215,27011214
3,25011215,28011214
3,26011215,29011214
3,27011215,30011214
3,28011215,31011214
3,29011215,32011214
3,30011215,33011214
3,31011215,34011214
3,32011215,35011214
3,33011215,36011214
3,34011215,37011214
3,35011215,38011214
3,36011215,39011214
3,37011215,40011214
3,38011215,41011214
3,39011215,42011214
3,40011215,43011214
3,41011215,44011214
3,42011215,45011214
3,43011215,46011214
3,44011215,47011214
3,45011215,48011214
3,46011215,49011214
3,47011215,50011214
3,48011215,51011214
3,49011215,52011214
3,50011215,53011214
3,51011215,54011214
3,52011215,55011214
3,53011215,56011214
3,54011215,57011214
3,55011215,58011214
3,56011215,59011214
3,57011215,60011214
3,58011215,61011214
3,59011215,62011214
3,60011215,63011214
3,61011215,64011214
3,62011215,65011214
3,63011215,66011214
3,64011215,67011214
3,65011215,68011214
3,66011215,69011214
3,67011215,70011214
3,68011215,71011214
3,69011215,72011214
3,70011215,73011214
3,71011215,74011214
3,72011215,75011214
3,73011215,76011214
3,74011215,77011214
3,75011215,78011214
3,76011215,79011214
3,77011215,80011214
3,78011215,81011214
3,79011215,82011214
3,80011215,83011214
3,81011215,84011214
3,82011215,85011214
3,83011215,86011214
3,84011215,87011214
3,85011215,88011214
3,86011215,89011214
3,87011215,90011214
3,88011215,91011214
3,89011215,92011214
3,90011215,93011214
3,91011215,94011214
3,92011215,95011214
3,93011215,96011214
3,94011215,97011214
3,95011215,98011214
3,96011215,99011214
3,97011215,100011214
3,98011215,101011214
3,99011215,102011214
3,100011215,103011214
3,101011215,104011214
3,102011215,105011214
3,103011215,106011214
3,104011215,107011214
3,105011215,108011214
3,106011215,109011214
3,107011215,110011214
3,108011215,111011214
3,109011215,112011214
3,110011215,113011214
3,111011215,114011214
3,112011215,115011214
3,113011215,116011214
3,114011215,117011214
3,115011215,118011214
3,116011215,119011214
3,117011215,120011214
3,118011215,121011214
3,119011215,122011214
3,120011215,123011214
3,121011215,124011214
3,122011215,125011214
3,123011215,126011214
3,124011215,127011214
3,125011215,128011214
3,126011215,129011214
3,127011215,130011214
3,128011215,131011214
3,129011215,132011214
3,130011215,133011214
3,131011215,134011214
3,132011215,135011214
3,133011215,136011214
3,134011215,137011214
3,135011215,138011214
3,136011215,139011214
3,137011215,140011214
3,138011215,141011214
3,139011215,142011214
3,140011215,143011214
3,141011215,144011214
3,142011215,145011214
3,143011215,146011214
3,144011215,147011214
3,145011215,148011214
3,146011215,149011214
3,147011215,150011214
3,148011215,151011214
3,149011215,152011214
3,150011215,153011214
3,151011215,154011214
3,152011215,155011214
3,153011215,156011214
3,154011215,157011214
3,155011215,158011214
3,156011215,159011214
3,157011215,160011214
3,158011215,161011214
3,159011215,162011214
3,160011215,163011214
3,161011215,164011214
3,162011215,165011214
3,163011215,166011214
3,164011215,167011214
3,165011215,168011214
3,166011215,169011214
3,167011215,170011214
3,168011215,171011214
3,169011215,172011214
3,170011215,173011214
3,171011215,174011214
3,172011215,175011214
3,173011215,176011214
3,174011215,177011214
3,175011215,178011214
3,176011215,179011214
3,177011215,180011214
3,178011215,181011214
3,179011215,182011214
3,180011215,183011214
3,181011215,184011214
3,182011215,185011214
3,183011215,186011214
3,184011215,187011214
3,185011215,188011214
3,186011215,189011214
3,187011215,190011214
3,188011215,191011214
3,189011215,192011214
3,190011215,193011214
3,191011215,194011214
3,192011215,195011214
3,193011215,196011214
3,194011215,197011214
3,195011215,198011214
4,1077138,4077137
4,2077138,5077137
4,3077138,6077137
4,4077138,7077137
4,5077138,8077137
4,6077138,9077137
4,7077138,10077137
4,8077138,11077137
4,9077138,12077137
4,10077138,13077137
4,11077138,14077137
4,12077138,15077137
4,13077138,16077137
4,14077138,17077137
4,15077138,18077137
4,16077138,19077137
4,17077138,20077137
4,18077138,21077137
4,19077138,22077137
4,20077138,23077137
4,21077138,24077137
4,22077138,25077137
4,23077138,26077137
4,24077138,27077137
4,25077138,28077137
4,26077138,29077137
4,27077138,30077137
4,28077138,31077137
4,29077138,32077137
4,30077138,33077137
4,31077138,34077137
4,32077138,35077137
4,33077138,36077137
4,34077138,37077137
4,35077138,38077137
4,36077138,39077137
4,37077138,40077137
4,38077138,41077137
4,39077138,42077137
4,40077138,43077137
4,41077138,44077137
4,42077138,45077137
4,43077138,46077137
4,44077138,47077137
4,45077138,48077137
4,46077138,49077137
4,47077138,50077137
4,48077138,51077137
4,49077138,52077137
4,50077138,53077137
4,51077138,54077137
4,52077138,55077137
4,53077138,56077137
4,54077138,57077137
4,55077138,58077137
4,56077138,59077137
4,57077138,60077137
4,58077138,61077137
4,59077138,62077137
4,60077138,63077137
4,61077138,64077137
4,62077138,65077137
4,63077138,66077137
4,64077138,67077137
4,65077138,68077137
4,66077138,69077137
4,67077138,70077137
4,68077138,71077137
4,69077138,72077137
4,70077138,73077137
4,71077138,74077137
4,72077138,75077137
4,73077138,76077137
4,74077138,77077137
4,75077138,78077137
4,76077138,79077137
4,77077138,80077137
4,78077138,81077137
4,79077138,82077137
4,80077138,83077137
4,81077138,84077137
4,82077138,85077137
4,83077138,86077137
4,84077138,87077137
4,85077138,88077137
4,86077138,89077137
4,87077138,90077137
4,88077138,91077137
4,89077138,92077137
4,90077138,93077137
4,91077138,94077137
4,92077138,95077137
4,93077138,96077137
4,94077138,97077137
4,95077138,98077137
4,96077138,99077137
4,97077138,100077137
4,98077138,101077137
4,99077138,102077137
4,100077138,103077137
4,101077138,104077137
4,102077138,105077137
4,103077138,106077137
4,104077138,107077137
4,105077138,108077137
4,106077138,109077137
4,107077138,110077137
4,108077138,111077137
4,109077138,112077137
4,110077138,113077137
4,111077138,114077137
4,112077138,115077137
4,113077138,116077137
4,114077138,117077137
4,115077138,118077137
4,116077138,119077137
4,117077138,120077137
4,118077138,121077137
4,119077138,122077137
4,120077138,123077137
4,121077138,124077137
4,122077138,125077137
4,123077138,126077137
4,124077138,127077137
4,125077138,128077137
4,126077138,129077137
4,127077138,130077137
4,128077138,131077137
4,129077138,132077137
4,130077138,133077137
4,131077138,134077137
4,132077138,135077137
4,133077138,136077137
4,134077138,137077137
4,135077138,138077137
4,136077138,139077137
4,137077138,140077137
4,138077138,141077137
4,139077138,142077137
4,140077138,143077137
4,141077138,144077137
4,142077138,145077137
4,143077138,146077137
4,144077138,147077137
4,145077138,148077137
4,146077138,149077137
4,147077138,150077137
4,148077138,151077137
4,149077138,152077137
4,150077138,153077137
4,151077138,154077137
4,152077138,155077137
4,153077138,156077137
4,154077138,157077137
4,155077138,158077137
4,156077138,159077137
4,157077138,160077137
4,158077138,161077137
4,159077138,162077137
4,160077138,163077137
4,161077138,164077137
4,162077138,165077137
4,163077138,166077137
4,164077138,167077137
4,165077138,168077137
4,166077138,169077137
4,167077138,170077137
4,168077138,171077137
4,169077138,172077137
4,170077138,173077137
4,171077138,174077137
4,172077138,175077137
4,173077138,176077137
4,174077138,177077137
4,175077138,178077137
4,176077138,179077137
4,177077138,180077137
4,178077138,181077137
4,179077138,182077137
4,180077138,183077137
4,181077138,184077137
4,182077138,185077137
4,183077138,186077137
4,184077138,187077137
4,185077138,188077137
4,186077138,189077137
4,187077138,190077137
4,188077138,191077137
5,457630,3457629
5,1457630,4457629
5,2457630,5457629
5,3457630,6457629
5,4457630,7457629
5,5457630,8457629
5,6457630,9457629
5,7457630,10457629
5,8457630,11457629
5,9457630,12457629
5,10457630,13457629
5,11457630,14457629
5,12457630,15457629
5,13457630,16457629
5,14457630,17457629
5,15457630,18457629
5,16457630,19457629
5,17457630,20457629
5,18457630,21457629
5,19457630,22457629
5,20457630,23457629
5,21457630,24457629
5,22457630,25457629
5,23457630,26457629
5,24457630,27457629
5,25457630,28457629
5,26457630,29457629
5,27457630,30457629
5,28457630,31457629
5,29457630,32457629
5,30457630,33457629
5,31457630,34457629
5,32457630,35457629
5,33457630,36457629
5,34457630,37457629
5,35457630,38457629
5,36457630,39457629
5,37457630,40457629
5,38457630,41457629
5,39457630,42457629
5,40457630,43457629
5,41457630,44457629
5,42457630,45457629
5,43457630,46457629
5,44457630,47457629
5,45457630,48457629
5,46457630,49457629
5,47457630,50457629
5,48457630,51457629
5,49457630,52457629
5,50457630,53457629
5,51457630,54457629
5,52457630,55457629
5,53457630,56457629
5,54457630,57457629
5,55457630,58457629
5,56457630,59457629
5,57457630,60457629
5,58457630,61457629
5,59457630,62457629
5,60457630,63457629
5,61457630,64457629
5,62457630,65457629
5,63457630,66457629
5,64457630,67457629
5,65457630,68457629
5,66457630,69457629
5,67457630,70457629
5,68457630,71457629
5,69457630,72457629
5,70457630,73457629
5,71457630,74457629
5,72457630,75457629
5,73457630,76457629
5,74457630,77457629
5,75457630,78457629
5,76457630,79457629
5,77457630,80457629
5,78457630,81457629
5,79457630,82457629
5,80457630,83457629
5,81457630,84457629
5,82457630,85457629
5,83457630,86457629
5,84457630,87457629
5,85457630,88457629
5,86457630,89457629
5,87457630,90457629
5,88457630,91457629
5,89457630,92457629
5,90457630,93457629
5,91457630,94457629
5,92457630,95457629
5,93457630,96457629
5,94457630,97457629
5,95457630,98457629
5,96457630,99457629
5,97457630,100457629
5,98457630,101457629
5,99457630,102457629
5,100457630,103457629
5,101457630,104457629
5,102457630,105457629
5,103457630,106457629
5,104457630,107457629
5,105457630,108457629
5,106457630,109457629
5,107457630,110457629
5,108457630,111457629
5,109457630,112457629
5,110457630,113457629
5,111457630,114457629
5,112457630,115457629
5,113457630,116457629
5,114457630,117457629
5,115457630,118457629
5,116457630,119457629
5,117457630,120457629
5,118457630,121457629
5,119457630,122457629
5,120457630,123457629
5,121457630,124457629
5,122457630,125457629
5,123457630,126457629
5,124457630,127457629
5,125457630,128457629
5,126457630,129457629
5,127457630,130457629
5,128457630,131457629
5,129457630,132457629
5,130457630,133457629
5,131457630,134457629
5,132457630,135457629
5,133457630,136457629
5,134457630,137457629
5,135457630,138457629
5,136457630,139457629
5,137457630,140457629
5,138457630,141457629
5,139457630,142457629
5,140457630,143457629
5,141457630,144457629
5,142457630,145457629
5,143457630,146457629
5,144457630,147457629
5,145457630,148457629
5,146457630,149457629
5,147457630,150457629
5,148457630,151457629
5,149457630,152457629
5,150457630,153457629
5,151457630,154457629
5,152457630,155457629
5,153457630,156457629
5,154457630,157457629
5,155457630,158457629
5,156457630,159457629
5,157457630,160457629
5,158457630,161457629
5,159457630,162457629
5,160457630,163457629
5,161457630,164457629
5,162457630,165457629
5,163457630,166457629
5,164457630,167457629
5,165457630,168457629
5,166457630,169457629
5,167457630,170457629
5,168457630,171457629
5,169457630,172457629
5,170457630,173457629
5,171457630,174457629
5,172457630,175457629
5,173457630,176457629
5,174457630,177457629
5,175457630,178457629
5,176457630,179457629
5,177457630,180457629
6,57533,3057532
6,1057533,4057532
6,2057533,5057532
6,3057533,6057532
6,4057533,7057532
6,5057533,8057532
6,6057533,9057532
6,7057533,10057532
6,8057533,11057532
6,9057533,12057532
6,10057533,13057532
6,11057533,14057532
6,12057533,15057532
6,13057533,16057532
6,14057533,17057532
6,15057533,18057532
6,16057533,19057532
6,17057533,20057532
6,18057533,21057532
6,19057533,22057532
6,20057533,23057532
6,21057533,24057532
6,22057533,25057532
6,23057533,26057532
6,24057533,27057532
6,25057533,28057532
6,26057533,29057532
6,27057533,30057532
6,28057533,31057532
6,29057533,32057532
6,30057533,33057532
6,31057533,34057532
6,32057533,35057532
6,33057533,36057532
6,34057533,37057532
6,35057533,38057532
6,36057533,39057532
6,37057533,40057532
6,38057533,41057532
6,39057533,42057532
6,40057533,43057532
6,41057533,44057532
6,42057533,45057532
6,43057533,46057532
6,44057533,47057532
6,45057533,48057532
6,46057533,49057532
6,47057533,50057532
6,48057533,51057532
6,49057533,52057532
6,50057533,53057532
6,51057533,54057532
6,52057533,55057532
6,53057533,56057532
6,54057533,57057532
6,55057533,58057532
6,56057533,59057532
6,57057533,60057532
6,58057533,61057532
6,59057533,62057532
6,60057533,63057532
6,61057533,64057532
6,62057533,65057532
6,63057533,66057532
6,64057533,67057532
6,65057533,68057532
6,66057533,69057532
6,67057533,70057532
6,68057533,71057532
6,69057533,72057532
6,70057533,73057532
6,71057533,74057532
6,72057533,75057532
6,73057533,76057532
6,74057533,77057532
6,75057533,78057532
6,76057533,79057532
6,77057533,80057532
6,78057533,81057532
6,79057533,82057532
6,80057533,83057532
6,81057533,84057532
6,82057533,85057532
6,83057533,86057532
6,84057533,87057532
6,85057533,88057532
6,86057533,89057532
6,87057533,90057532
6,88057533,91057532
6,89057533,92057532
6,90057533,93057532
6,91057533,94057532
6,92057533,95057532
6,93057533,96057532
6,94057533,97057532
6,95057533,98057532
6,96057533,99057532
6,97057533,100057532
6,98057533,101057532
6,99057533,102057532
6,100057533,103057532
6,101057533,104057532
6,102057533,105057532
6,103057533,106057532
6,104057533,107057532
6,105057533,108057532
6,106057533,109057532
6,107057533,110057532
6,108057533,111057532
6,109057533,112057532
6,110057533,113057532
6,111057533,114057532
6,112057533,115057532
6,113057533,116057532
6,114057533,117057532
6,115057533,118057532
6,116057533,119057532
6,117057533,120057532
6,118057533,121057532
6,119057533,122057532
6,120057533,123057532
6,121057533,124057532
6,122057533,125057532
6,123057533,126057532
6,124057533,127057532
6,125057533,128057532
6,126057533,129057532
6,127057533,130057532
6,128057533,131057532
6,129057533,132057532
6,130057533,133057532
6,131057533,134057532
6,132057533,135057532
6,133057533,136057532
6,134057533,137057532
6,135057533,138057532
6,136057533,139057532
6,137057533,140057532
6,138057533,141057532
6,139057533,142057532
6,140057533,143057532
6,141057533,144057532
6,142057533,145057532
6,143057533,146057532
6,144057533,147057532
6,145057533,148057532
6,146057533,149057532
6,147057533,150057532
6,148057533,151057532
6,149057533,152057532
6,150057533,153057532
6,151057533,154057532
6,152057533,155057532
6,153057533,156057532
6,154057533,157057532
6,155057533,158057532
6,156057533,159057532
6,157057533,160057532
6,158057533,161057532
6,159057533,162057532
6,160057533,163057532
6,161057533,164057532
6,162057533,165057532
6,163057533,166057532
6,164057533,167057532
6,165057533,168057532
6,166057533,169057532
6,167057533,170057532
6,168057533,171057532
7,69331,3069330
7,1069331,4069330
7,2069331,5069330
7,3069331,6069330
7,4069331,7069330
7,5069331,8069330
7,6069331,9069330
7,7069331,10069330
7,8069331,11069330
7,9069331,12069330
7,10069331,13069330
7,11069331,14069330
7,12069331,15069330
7,13069331,16069330
7,14069331,17069330
7,15069331,18069330
7,16069331,19069330
7,17069331,20069330
7,18069331,21069330
7,19069331,22069330
7,20069331,23069330
7,21069331,24069330
7,22069331,25069330
7,23069331,26069330
7,24069331,27069330
7,25069331,28069330
7,26069331,29069330
7,27069331,30069330
7,28069331,31069330
7,29069331,32069330
7,30069331,33069330
7,31069331,34069330
7,32069331,35069330
7,33069331,36069330
7,34069331,37069330
7,35069331,38069330
7,36069331,39069330
7,37069331,40069330
7,38069331,41069330
7,39069331,42069330
7,40069331,43069330
7,41069331,44069330
7,42069331,45069330
7,43069331,46069330
7,44069331,47069330
7,45069331,48069330
7,46069331,49069330
7,47069331,50069330
7,48069331,51069330
7,49069331,52069330
7,50069331,53069330
7,51069331,54069330
7,52069331,55069330
7,53069331,56069330
7,54069331,57069330
7,55069331,58069330
7,56069331,59069330
7,57069331,60069330
7,58069331,61069330
7,59069331,62069330
7,60069331,63069330
7,61069331,64069330
7,62069331,65069330
7,63069331,66069330
7,64069331,67069330
7,65069331,68069330
7,66069331,69069330
7,67069331,70069330
7,68069331,71069330
7,69069331,72069330
7,70069331,73069330
7,71069331,74069330
7,72069331,75069330
7,73069331,76069330
7,74069331,77069330
7,75069331,78069330
7,76069331,79069330
7,77069331,80069330
7,78069331,81069330
7,79069331,82069330
7,80069331,83069330
7,81069331,84069330
7,82069331,85069330
7,83069331,86069330
7,84069331,87069330
7,85069331,88069330
7,86069331,89069330
7,87069331,90069330
7,88069331,91069330
7,89069331,92069330
7,90069331,93069330
7,91069331,94069330
7,92069331,95069330
7,93069331,96069330
7,94069331,97069330
7,95069331,98069330
7,96069331,99069330
7,97069331,100069330
7,98069331,101069330
7,99069331,102069330
7,100069331,103069330
7,101069331,104069330
7,102069331,105069330
7,103069331,106069330
7,104069331,107069330
7,105069331,108069330
7,106069331,109069330
7,107069331,110069330
7,108069331,111069330
7,109069331,112069330
7,110069331,113069330
7,111069331,114069330
7,112069331,115069330
7,113069331,116069330
7,114069331,117069330
7,115069331,118069330
7,116069331,119069330
7,117069331,120069330
7,118069331,121069330
7,119069331,122069330
7,120069331,123069330
7,121069331,124069330
7,122069331,125069330
7,123069331,126069330
7,124069331,127069330
7,125069331,128069330
7,126069331,129069330
7,127069331,130069330
7,128069331,131069330
7,129069331,132069330
7,130069331,133069330
7,131069331,134069330
7,132069331,135069330
7,133069331,136069330
7,134069331,137069330
7,135069331,138069330
7,136069331,139069330
7,137069331,140069330
7,138069331,141069330
7,139069331,142069330
7,140069331,143069330
7,141069331,144069330
7,142069331,145069330
7,143069331,146069330
7,144069331,147069330
7,145069331,148069330
7,146069331,149069330
7,147069331,150069330
7,148069331,151069330
7,149069331,152069330
7,150069331,153069330
7,151069331,154069330
7,152069331,155069330
7,153069331,156069330
7,154069331,157069330
7,155069331,158069330
7,156069331,159069330
8,1182011,4182010
8,2182011,5182010
8,3182011,6182010
8,4182011,7182010
8,5182011,8182010
8,6182011,9182010
8,7182011,10182010
8,8182011,11182010
8,9182011,12182010
8,10182011,13182010
8,11182011,14182010
8,12182011,15182010
8,13182011,16182010
8,14182011,17182010
8,15182011,18182010
8,16182011,19182010
8,17182011,20182010
8,18182011,21182010
8,19182011,22182010
8,20182011,23182010
8,21182011,24182010
8,22182011,25182010
8,23182011,26182010
8,24182011,27182010
8,25182011,28182010
8,26182011,29182010
8,27182011,30182010
8,28182011,31182010
8,29182011,32182010
8,30182011,33182010
8,31182011,34182010
8,32182011,35182010
8,33182011,36182010
8,34182011,37182010
8,35182011,38182010
8,36182011,39182010
8,37182011,40182010
8,38182011,41182010
8,39182011,42182010
8,40182011,43182010
8,41182011,44182010
8,42182011,45182010
8,43182011,46182010
8,44182011,47182010
8,45182011,48182010
8,46182011,49182010
8,47182011,50182010
8,48182011,51182010
8,49182011,52182010
8,50182011,53182010
8,51182011,54182010
8,52182011,55182010
8,53182011,56182010
8,54182011,57182010
8,55182011,58182010
8,56182011,59182010
8,57182011,60182010
8,58182011,61182010
8,59182011,62182010
8,60182011,63182010
8,61182011,64182010
8,62182011,65182010
8,63182011,66182010
8,64182011,67182010
8,65182011,68182010
8,66182011,69182010
8,67182011,70182010
8,68182011,71182010
8,69182011,72182010
8,70182011,73182010
8,71182011,74182010
8,72182011,75182010
8,73182011,76182010
8,74182011,77182010
8,75182011,78182010
8,76182011,79182010
8,77182011,80182010
8,78182011,81182010
8,79182011,82182010
8,80182011,83182010
8,81182011,84182010
8,82182011,85182010
8,83182011,86182010
8,84182011,87182010
8,85182011,88182010
8,86182011,89182010
8,87182011,90182010
8,88182011,91182010
8,89182011,92182010
8,90182011,93182010
8,91182011,94182010
8,92182011,95182010
8,93182011,96182010
8,94182011,97182010
8,95182011,98182010
8,96182011,99182010
8,97182011,100182010
8,98182011,101182010
8,99182011,102182010
8,100182011,103182010
8,101182011,104182010
8,102182011,105182010
8,103182011,106182010
8,104182011,107182010
8,105182011,108182010
8,106182011,109182010
8,107182011,110182010
8,108182011,111182010
8,109182011,112182010
8,110182011,113182010
8,111182011,114182010
8,112182011,115182010
8,113182011,116182010
8,114182011,117182010
8,115182011,118182010
8,116182011,119182010
8,117182011,120182010
8,118182011,121182010
8,119182011,122182010
8,120182011,123182010
8,121182011,124182010
8,122182011,125182010
8,123182011,126182010
8,124182011,127182010
8,125182011,128182010
8,126182011,129182010
8,127182011,130182010
8,128182011,131182010
8,129182011,132182010
8,130182011,133182010
8,131182011,134182010
8,132182011,135182010
8,133182011,136182010
8,134182011,137182010
8,135182011,138182010
8,136182011,139182010
8,137182011,140182010
8,138182011,141182010
8,139182011,142182010
8,140182011,143182010
8,141182011,144182010
8,142182011,145182010
8,143182011,146182010
9,106715,3106714
9,1106715,4106714
9,2106715,5106714
9,3106715,6106714
9,4106715,7106714
9,5106715,8106714
9,6106715,9106714
9,7106715,10106714
9,8106715,11106714
9,9106715,12106714
9,10106715,13106714
9,11106715,14106714
9,12106715,15106714
9,13106715,16106714
9,14106715,17106714
9,15106715,18106714
9,16106715,19106714
9,17106715,20106714
9,18106715,21106714
9,19106715,22106714
9,20106715,23106714
9,21106715,24106714
9,22106715,25106714
9,23106715,26106714
9,24106715,27106714
9,25106715,28106714
9,26106715,29106714
9,27106715,30106714
9,28106715,31106714
9,29106715,32106714
9,30106715,33106714
9,31106715,34106714
9,32106715,35106714
9,33106715,36106714
9,34106715,37106714
9,35106715,38106714
9,36106715,39106714
9,37106715,40106714
9,38106715,41106714
9,39106715,42106714
9,40106715,43106714
9,41106715,44106714
9,42106715,45106714
9,43106715,46106714
9,44106715,47106714
9,45106715,48106714
9,46106715,49106714
9,47106715,50106714
9,48106715,51106714
9,49106715,52106714
9,50106715,53106714
9,51106715,54106714
9,52106715,55106714
9,53106715,56106714
9,54106715,57106714
9,55106715,58106714
9,56106715,59106714
9,57106715,60106714
9,58106715,61106714
9,59106715,62106714
9,60106715,63106714
9,61106715,64106714
9,62106715,65106714
9,63106715,66106714
9,64106715,67106714
9,65106715,68106714
9,66106715,69106714
9,67106715,70106714
9,68106715,71106714
9,69106715,72106714
9,70106715,73106714
9,71106715,74106714
9,72106715,75106714
9,73106715,76106714
9,74106715,77106714
9,75106715,78106714
9,76106715,79106714
9,77106715,80106714
9,78106715,81106714
9,79106715,82106714
9,80106715,83106714
9,81106715,84106714
9,82106715,85106714
9,83106715,86106714
9,84106715,87106714
9,85106715,88106714
9,86106715,89106714
9,87106715,90106714
9,88106715,91106714
9,89106715,92106714
9,90106715,93106714
9,91106715,94106714
9,92106715,95106714
9,93106715,96106714
9,94106715,97106714
9,95106715,98106714
9,96106715,99106714
9,97106715,100106714
9,98106715,101106714
9,99106715,102106714
9,100106715,103106714
9,101106715,104106714
9,102106715,105106714
9,103106715,106106714
9,104106715,107106714
9,105106715,108106714
9,106106715,109106714
9,107106715,110106714
9,108106715,111106714
9,109106715,112106714
9,110106715,113106714
9,111106715,114106714
9,112106715,115106714
9,113106715,116106714
9,114106715,117106714
9,115106715,118106714
9,116106715,119106714
9,117106715,120106714
9,118106715,121106714
9,119106715,122106714
9,120106715,123106714
9,121106715,124106714
9,122106715,125106714
9,123106715,126106714
9,124106715,127106714
9,125106715,128106714
9,126106715,129106714
9,127106715,130106714
9,128106715,131106714
9,129106715,132106714
9,130106715,133106714
9,131106715,134106714
9,132106715,135106714
9,133106715,136106714
9,134106715,137106714
9,135106715,138106714
9,136106715,139106714
9,137106715,140106714
9,138106715,141106714
10,267373,3267372
10,1267373,4267372
10,2267373,5267372
10,3267373,6267372
10,4267373,7267372
10,5267373,8267372
10,6267373,9267372
10,7267373,10267372
10,8267373,11267372
10,9267373,12267372
10,10267373,13267372
10,11267373,14267372
10,12267373,15267372
10,13267373,16267372
10,14267373,17267372
10,15267373,18267372
10,16267373,19267372
10,17267373,20267372
10,18267373,21267372
10,19267373,22267372
10,20267373,23267372
10,21267373,24267372
10,22267373,25267372
10,23267373,26267372
10,24267373,27267372
10,25267373,28267372
10,26267373,29267372
10,27267373,30267372
10,28267373,31267372
10,29267373,32267372
10,30267373,33267372
10,31267373,34267372
10,32267373,35267372
10,33267373,36267372
10,34267373,37267372
10,35267373,38267372
10,36267373,39267372
10,37267373,40267372
10,38267373,41267372
10,39267373,42267372
10,40267373,43267372
10,41267373,44267372
10,42267373,45267372
10,43267373,46267372
10,44267373,47267372
10,45267373,48267372
10,46267373,49267372
10,47267373,50267372
10,48267373,51267372
10,49267373,52267372
10,50267373,53267372
10,51267373,54267372
10,52267373,55267372
10,53267373,56267372
10,54267373,57267372
10,55267373,58267372
10,56267373,59267372
10,57267373,60267372
10,58267373,61267372
10,59267373,62267372
10,60267373,63267372
10,61267373,64267372
10,62267373,65267372
10,63267373,66267372
10,64267373,67267372
10,65267373,68267372
10,66267373,69267372
10,67267373,70267372
10,68267373,71267372
10,69267373,72267372
10,70267373,73267372
10,71267373,74267372
10,72267373,75267372
10,73267373,76267372
10,74267373,77267372
10,75267373,78267372
10,76267373,79267372
10,77267373,80267372
10,78267373,81267372
10,79267373,82267372
10,80267373,83267372
10,81267373,84267372
10,82267373,85267372
10,83267373,86267372
10,84267373,87267372
10,85267373,88267372
10,86267373,89267372
10,87267373,90267372
10,88267373,91267372
10,89267373,92267372
10,90267373,93267372
10,91267373,94267372
10,92267373,95267372
10,93267373,96267372
10,94267373,97267372
10,95267373,98267372
10,96267373,99267372
10,97267373,100267372
10,98267373,101267372
10,99267373,102267372
10,100267373,103267372
10,101267373,104267372
10,102267373,105267372
10,103267373,106267372
10,104267373,107267372
10,105267373,108267372
10,106267373,109267372
10,107267373,110267372
10,108267373,111267372
10,109267373,112267372
10,110267373,113267372
10,111267373,114267372
10,112267373,115267372
10,113267373,116267372
10,114267373,117267372
10,115267373,118267372
10,116267373,119267372
10,117267373,120267372
10,118267373,121267372
10,119267373,122267372
10,120267373,123267372
10,121267373,124267372
10,122267373,125267372
10,123267373,126267372
10,124267373,127267372
10,125267373,128267372
10,126267373,129267372
10,127267373,130267372
10,128267373,131267372
10,129267373,132267372
10,130267373,133267372
10,131267373,134267372
10,132267373,135267372
11,3258,3003257
11,1003258,4003257
11,2003258,5003257
11,3003258,6003257
11,4003258,7003257
11,5003258,8003257
11,6003258,9003257
11,7003258,10003257
11,8003258,11003257
11,9003258,12003257
11,10003258,13003257
11,11003258,14003257
11,12003258,15003257
11,13003258,16003257
11,14003258,17003257
11,15003258,18003257
11,16003258,19003257
11,17003258,20003257
11,18003258,21003257
11,19003258,22003257
11,20003258,23003257
11,21003258,24003257
11,22003258,25003257
11,23003258,26003257
11,24003258,27003257
11,25003258,28003257
11,26003258,29003257
11,27003258,30003257
11,28003258,31003257
11,29003258,32003257
11,30003258,33003257
11,31003258,34003257
11,32003258,35003257
11,33003258,36003257
11,34003258,37003257
11,35003258,38003257
11,36003258,39003257
11,37003258,40003257
11,38003258,41003257
11,39003258,42003257
11,40003258,43003257
11,41003258,44003257
11,42003258,45003257
11,43003258,46003257
11,44003258,47003257
11,45003258,48003257
11,46003258,49003257
11,47003258,50003257
11,48003258,51003257
11,49003258,52003257
11,50003258,53003257
11,51003258,54003257
11,52003258,55003257
11,53003258,56003257
11,54003258,57003257
11,55003258,58003257
11,56003258,59003257
11,57003258,60003257
11,58003258,61003257
11,59003258,62003257
11,60003258,63003257
11,61003258,64003257
11,62003258,65003257
11,63003258,66003257
11,64003258,67003257
11,65003258,68003257
11,66003258,69003257
11,67003258,70003257
11,68003258,71003257
11,69003258,72003257
11,70003258,73003257
11,71003258,74003257
11,72003258,75003257
11,73003258,76003257
11,74003258,77003257
11,75003258,78003257
11,76003258,79003257
11,77003258,80003257
11,78003258,81003257
11,79003258,82003257
11,80003258,83003257
11,81003258,84003257
11,82003258,85003257
11,83003258,86003257
11,84003258,87003257
11,85003258,88003257
11,86003258,89003257
11,87003258,90003257
11,88003258,91003257
11,89003258,92003257
11,90003258,93003257
11,91003258,94003257
11,92003258,95003257
11,93003258,96003257
11,94003258,97003257
11,95003258,98003257
11,96003258,99003257
11,97003258,100003257
11,98003258,101003257
11,99003258,102003257
11,100003258,103003257
11,101003258,104003257
11,102003258,105003257
11,103003258,106003257
11,104003258,107003257
11,105003258,108003257
11,106003258,109003257
11,107003258,110003257
11,108003258,111003257
11,109003258,112003257
11,110003258,113003257
11,111003258,114003257
11,112003258,115003257
11,113003258,116003257
11,114003258,117003257
11,115003258,118003257
11,116003258,119003257
11,117003258,120003257
11,118003258,121003257
11,119003258,122003257
11,120003258,123003257
11,121003258,124003257
11,122003258,125003257
11,123003258,126003257
11,124003258,127003257
11,125003258,128003257
11,126003258,129003257
11,127003258,130003257
11,128003258,131003257
11,129003258,132003257
11,130003258,133003257
11,131003258,134003257
11,132003258,135003257
12,925947,3925946
12,1925947,4925946
12,2925947,5925946
12,3925947,6925946
12,4925947,7925946
12,5925947,8925946
12,6925947,9925946
12,7925947,10925946
12,8925947,11925946
12,9925947,12925946
12,10925947,13925946
12,11925947,14925946
12,12925947,15925946
12,13925947,16925946
12,14925947,17925946
12,15925947,18925946
12,16925947,19925946
12,17925947,20925946
12,18925947,21925946
12,19925947,22925946
12,20925947,23925946
12,21925947,24925946
12,22925947,25925946
12,23925947,26925946
12,24925947,27925946
12,25925947,28925946
12,26925947,29925946
12,27925947,30925946
12,28925947,31925946
12,29925947,32925946
12,30925947,33925946
12,31925947,34925946
12,32925947,35925946
12,33925947,36925946
12,34925947,37925946
12,35925947,38925946
12,36925947,39925946
12,37925947,40925946
12,38925947,41925946
12,39925947,42925946
12,40925947,43925946
12,41925947,44925946
12,42925947,45925946
12,43925947,46925946
12,44925947,47925946
12,45925947,48925946
12,46925947,49925946
12,47925947,50925946
12,48925947,51925946
12,49925947,52925946
12,50925947,53925946
12,51925947,54925946
12,52925947,55925946
12,53925947,56925946
12,54925947,57925946
12,55925947,58925946
12,56925947,59925946
12,57925947,60925946
12,58925947,61925946
12,59925947,62925946
12,60925947,63925946
12,61925947,64925946
12,62925947,65925946
12,63925947,66925946
12,64925947,67925946
12,65925947,68925946
12,66925947,69925946
12,67925947,70925946
12,68925947,71925946
12,69925947,72925946
12,70925947,73925946
12,71925947,74925946
12,72925947,75925946
12,73925947,76925946
12,74925947,77925946
